event_id,appliance_name,original_start_time,original_end_time,scheduled_start_time,scheduled_end_time,original_price_level,scheduled_price_level,optimization_score,shift_minutes,schedule_status,failure_reason,season
Washing_Machine_2014-03-08_03,Washing Machine,2014-03-08 22:01:00,2014-03-08 22:56:00,2014-03-09 13:00:00,2014-03-09 13:55:00,1,0,1.0,899,SUCCESS,,
Washing_Machine_2014-03-09_01,Washing Machine,2014-03-09 10:02:00,2014-03-09 11:46:00,2014-03-09 13:00:00,2014-03-09 14:44:00,1,0,1.0,178,SUCCESS,,
Washing_Machine_2014-03-12_01,Washing Machine,2014-03-12 23:23:00,2014-03-13 01:06:00,2014-03-13 13:00:00,2014-03-13 14:43:00,1,0,1.0,817,SUCCESS,,
Washing_Machine_2014-03-14_01,Washing Machine,2014-03-14 22:27:00,2014-03-15 00:09:00,2014-03-15 13:00:00,2014-03-15 14:42:00,1,0,1.0,873,SUCCESS,,
Washing_Machine_2014-03-16_01,Washing Machine,2014-03-16 00:26:00,2014-03-16 02:16:00,2014-03-16 13:00:00,2014-03-16 14:50:00,0,0,0.1,754,SUCCESS,,
Washing_Machine_2014-03-18_01,Washing Machine,2014-03-18 21:36:00,2014-03-18 23:20:00,2014-03-18 21:41:00,2014-03-18 23:25:00,1,0,1.0,5,SUCCESS,,
Washing_Machine_2014-03-21_01,Washing Machine,2014-03-21 00:38:00,2014-03-21 01:14:00,2014-03-21 13:00:00,2014-03-21 13:36:00,1,0,1.0,742,SUCCESS,,
Washing_Machine_2014-03-22_01,Washing Machine,2014-03-22 21:27:00,2014-03-22 23:11:00,2014-03-22 21:32:00,2014-03-22 23:16:00,1,0,1.0,5,SUCCESS,,
Washing_Machine_2014-03-26_01,Washing Machine,2014-03-26 00:20:00,2014-03-26 02:04:00,2014-03-26 13:00:00,2014-03-26 14:44:00,0,0,0.1,760,SUCCESS,,
Washing_Machine_2014-03-27_01,Washing Machine,2014-03-27 23:33:00,2014-03-28 01:18:00,2014-03-28 13:00:00,2014-03-28 14:45:00,1,0,1.0,807,SUCCESS,,
Washing_Machine_2014-03-29_02,Washing Machine,2014-03-29 23:22:00,2014-03-29 23:48:00,2014-03-30 13:00:00,2014-03-30 13:26:00,1,0,1.0,818,SUCCESS,,
Washing_Machine_2014-03-29_04,Washing Machine,2014-03-29 23:52:00,2014-03-29 23:58:00,2014-03-30 13:26:00,2014-03-30 13:32:00,1,0,1.0,788,SUCCESS,,
Washing_Machine_2014-03-29_05,Washing Machine,2014-03-29 23:59:00,2014-03-30 02:01:00,2014-03-30 06:00:00,2014-03-30 08:02:00,1,0,1.0,781,SUCCESS,,
Washing_Machine_2014-03-31_01,Washing Machine,2014-03-31 08:50:00,2014-03-31 10:21:00,2014-03-31 13:00:00,2014-03-31 14:31:00,1,0,1.0,250,SUCCESS,,
Washing_Machine_2014-03-31_02,Washing Machine,2014-03-31 10:22:00,2014-03-31 10:38:00,2014-03-31 14:31:00,2014-03-31 14:47:00,1,0,1.0,158,SUCCESS,,
Washing_Machine_2014-04-01_01,Washing Machine,2014-04-01 23:28:00,2014-04-02 01:18:00,2014-04-02 13:00:00,2014-04-02 14:50:00,1,0,1.0,812,SUCCESS,,
Washing_Machine_2014-04-03_01,Washing Machine,2014-04-03 20:45:00,2014-04-03 22:31:00,2014-04-03 20:50:00,2014-04-03 22:36:00,0,0,0.1,5,SUCCESS,,
Washing_Machine_2014-04-04_01,Washing Machine,2014-04-04 23:38:00,2014-04-05 01:25:00,2014-04-05 13:00:00,2014-04-05 14:47:00,1,0,1.0,802,SUCCESS,,
Washing_Machine_2014-04-08_01,Washing Machine,2014-04-08 00:30:00,2014-04-08 02:13:00,2014-04-08 13:00:00,2014-04-08 14:43:00,0,0,0.1,750,SUCCESS,,
Washing_Machine_2014-04-11_01,Washing Machine,2014-04-11 22:30:00,2014-04-11 22:38:00,2014-04-12 13:00:00,2014-04-12 13:08:00,1,0,1.0,870,SUCCESS,,
Washing_Machine_2014-04-11_02,Washing Machine,2014-04-11 22:39:00,2014-04-12 00:15:00,2014-04-12 06:00:00,2014-04-12 07:36:00,1,0,1.0,861,SUCCESS,,
Washing_Machine_2014-04-12_04,Washing Machine,2014-04-12 15:50:00,2014-04-12 16:23:00,2014-04-12 20:00:00,2014-04-12 20:33:00,1,0,1.0,5,SUCCESS,,
Washing_Machine_2014-04-12_05,Washing Machine,2014-04-12 16:24:00,2014-04-12 16:32:00,2014-04-12 20:33:00,2014-04-12 20:41:00,1,0,1.0,216,SUCCESS,,
Washing_Machine_2014-04-12_06,Washing Machine,2014-04-12 16:33:00,2014-04-12 16:40:00,2014-04-12 20:41:00,2014-04-12 20:48:00,1,0,1.0,207,SUCCESS,,
Washing_Machine_2014-04-21_04,Washing Machine,2014-04-21 14:55:00,2014-04-21 16:37:00,2014-04-21 20:00:00,2014-04-21 21:42:00,0,0,0.1,5,SUCCESS,,
Washing_Machine_2014-04-21_05,Washing Machine,2014-04-21 23:11:00,2014-04-22 00:53:00,2014-04-22 06:00:00,2014-04-22 07:42:00,1,0,1.0,829,SUCCESS,,
Washing_Machine_2014-04-23_02,Washing Machine,2014-04-23 08:28:00,2014-04-23 10:11:00,2014-04-23 13:00:00,2014-04-23 14:43:00,1,0,1.0,272,SUCCESS,,
Washing_Machine_2014-04-24_02,Washing Machine,2014-04-24 05:59:00,2014-04-24 06:21:00,2014-04-24 13:00:00,2014-04-24 13:22:00,1,0,1.0,421,SUCCESS,,
Washing_Machine_2014-04-27_01,Washing Machine,2014-04-27 09:49:00,2014-04-27 11:32:00,2014-04-27 13:00:00,2014-04-27 14:43:00,1,0,1.0,191,SUCCESS,,
Washing_Machine_2014-04-27_02,Washing Machine,2014-04-27 18:22:00,2014-04-27 20:02:00,2014-04-27 20:00:00,2014-04-27 21:40:00,1,0,1.0,98,SUCCESS,,
Washing_Machine_2014-04-29_03,Washing Machine,2014-04-29 20:53:00,2014-04-29 22:36:00,2014-04-29 20:58:00,2014-04-29 22:41:00,0,0,0.1,5,SUCCESS,,
Washing_Machine_2014-05-02_01,Washing Machine,2014-05-02 22:25:00,2014-05-03 00:07:00,2014-05-03 13:00:00,2014-05-03 14:42:00,1,0,1.0,875,SUCCESS,,
Washing_Machine_2014-05-04_01,Washing Machine,2014-05-04 09:54:00,2014-05-04 11:39:00,2014-05-04 13:00:00,2014-05-04 14:45:00,1,0,1.0,186,SUCCESS,,
Washing_Machine_2014-05-05_01,Washing Machine,2014-05-05 09:10:00,2014-05-05 09:32:00,2014-05-05 13:00:00,2014-05-05 13:22:00,1,0,1.0,230,SUCCESS,,
Washing_Machine_2014-05-05_03,Washing Machine,2014-05-05 22:03:00,2014-05-05 22:37:00,2014-05-06 13:00:00,2014-05-06 13:34:00,1,0,1.0,897,SUCCESS,,
Washing_Machine_2014-05-05_04,Washing Machine,2014-05-05 22:38:00,2014-05-05 23:48:00,2014-05-06 06:00:00,2014-05-06 07:10:00,1,0,1.0,862,SUCCESS,,
Washing_Machine_2014-05-10_01,Washing Machine,2014-05-10 23:21:00,2014-05-11 00:37:00,2014-05-11 13:00:00,2014-05-11 14:16:00,1,0,1.0,819,SUCCESS,,
Washing_Machine_2014-05-11_01,Washing Machine,2014-05-11 00:38:00,2014-05-11 01:03:00,2014-05-11 13:00:00,2014-05-11 13:25:00,1,0,1.0,742,SUCCESS,,
Washing_Machine_2014-05-11_02,Washing Machine,2014-05-11 15:03:00,2014-05-11 16:49:00,2014-05-11 20:00:00,2014-05-11 21:46:00,0,0,0.1,5,SUCCESS,,
Washing_Machine_2014-05-12_01,Washing Machine,2014-05-12 21:33:00,2014-05-12 23:15:00,2014-05-12 21:38:00,2014-05-12 23:20:00,1,0,1.0,5,SUCCESS,,
Washing_Machine_2014-05-14_01,Washing Machine,2014-05-14 11:54:00,2014-05-14 12:07:00,2014-05-14 13:00:00,2014-05-14 13:13:00,1,0,1.0,66,SUCCESS,,
Washing_Machine_2014-05-14_02,Washing Machine,2014-05-14 12:08:00,2014-05-14 12:25:00,2014-05-14 13:13:00,2014-05-14 13:30:00,1,0,1.0,52,SUCCESS,,
Washing_Machine_2014-05-14_03,Washing Machine,2014-05-14 21:25:00,2014-05-14 23:08:00,2014-05-15 06:00:00,2014-05-15 07:43:00,1,0,1.0,5,SUCCESS,,
Washing_Machine_2014-05-16_01,Washing Machine,2014-05-16 07:03:00,2014-05-16 08:50:00,2014-05-16 13:00:00,2014-05-16 14:47:00,1,0,1.0,357,SUCCESS,,
Washing_Machine_2014-05-17_01,Washing Machine,2014-05-17 09:47:00,2014-05-17 11:31:00,2014-05-17 13:00:00,2014-05-17 14:44:00,1,0,1.0,193,SUCCESS,,
Washing_Machine_2014-05-18_01,Washing Machine,2014-05-18 10:48:00,2014-05-18 12:40:00,2014-05-18 13:00:00,2014-05-18 14:52:00,1,0,1.0,132,SUCCESS,,
Washing_Machine_2014-05-20_01,Washing Machine,2014-05-20 22:17:00,2014-05-21 00:01:00,2014-05-21 13:00:00,2014-05-21 14:44:00,1,0,1.0,883,SUCCESS,,
Washing_Machine_2014-05-22_01,Washing Machine,2014-05-22 21:46:00,2014-05-22 23:30:00,2014-05-23 13:00:00,2014-05-23 14:44:00,1,0,1.0,914,SUCCESS,,
Washing_Machine_2014-05-27_01,Washing Machine,2014-05-27 08:54:00,2014-05-27 09:51:00,2014-05-27 13:00:00,2014-05-27 13:57:00,1,0,1.0,246,SUCCESS,,
Washing_Machine_2014-05-27_02,Washing Machine,2014-05-27 09:52:00,2014-05-27 10:37:00,2014-05-27 13:57:00,2014-05-27 14:42:00,1,0,1.0,188,SUCCESS,,
Washing_Machine_2014-05-27_03,Washing Machine,2014-05-27 21:42:00,2014-05-27 23:31:00,2014-05-28 06:00:00,2014-05-28 07:49:00,1,0,1.0,918,SUCCESS,,
Washing_Machine_2014-05-28_01,Washing Machine,2014-05-28 22:01:00,2014-05-28 23:43:00,2014-05-29 13:00:00,2014-05-29 14:42:00,1,0,1.0,899,SUCCESS,,
Washing_Machine_2014-05-29_01,Washing Machine,2014-05-29 21:02:00,2014-05-29 22:45:00,2014-05-29 21:07:00,2014-05-29 22:50:00,0,0,0.1,5,SUCCESS,,
Washing_Machine_2014-06-01_01,Washing Machine,2014-06-01 23:08:00,2014-06-02 00:53:00,2014-06-02 13:00:00,2014-06-02 14:45:00,1,0,1.0,832,SUCCESS,,
Washing_Machine_2014-06-02_04,Washing Machine,2014-06-02 12:47:00,2014-06-02 12:53:00,2014-06-02 13:00:00,2014-06-02 13:06:00,1,0,1.0,13,SUCCESS,,
Washing_Machine_2014-06-02_05,Washing Machine,2014-06-02 12:54:00,2014-06-02 13:11:00,2014-06-02 13:06:00,2014-06-02 13:23:00,0,0,0.1,6,SUCCESS,,
Washing_Machine_2014-06-02_09,Washing Machine,2014-06-02 23:18:00,2014-06-03 01:11:00,2014-06-03 06:00:00,2014-06-03 07:53:00,1,0,1.0,822,SUCCESS,,
Washing_Machine_2014-06-04_01,Washing Machine,2014-06-04 17:49:00,2014-06-04 19:33:00,2014-06-04 20:00:00,2014-06-04 21:44:00,1,0,1.0,131,SUCCESS,,
Washing_Machine_2014-06-05_01,Washing Machine,2014-06-05 22:58:00,2014-06-06 00:44:00,2014-06-06 13:00:00,2014-06-06 14:46:00,1,0,1.0,842,SUCCESS,,
Washing_Machine_2014-06-07_01,Washing Machine,2014-06-07 10:14:00,2014-06-07 11:56:00,2014-06-07 13:00:00,2014-06-07 14:42:00,1,0,1.0,166,SUCCESS,,
Washing_Machine_2014-06-08_02,Washing Machine,2014-06-08 23:12:00,2014-06-09 01:02:00,2014-06-09 13:00:00,2014-06-09 14:50:00,1,0,1.0,828,SUCCESS,,
Washing_Machine_2014-06-09_01,Washing Machine,2014-06-09 22:27:00,2014-06-10 00:10:00,2014-06-10 13:00:00,2014-06-10 14:43:00,1,0,1.0,873,SUCCESS,,
Washing_Machine_2014-06-10_01,Washing Machine,2014-06-10 12:57:00,2014-06-10 13:07:00,2014-06-10 13:02:00,2014-06-10 13:12:00,0,0,0.1,5,SUCCESS,,
Washing_Machine_2014-06-11_01,Washing Machine,2014-06-11 21:31:00,2014-06-11 22:59:00,2014-06-11 21:36:00,2014-06-11 23:04:00,1,0,1.0,5,SUCCESS,,
Washing_Machine_2014-06-11_02,Washing Machine,2014-06-11 23:00:00,2014-06-11 23:14:00,2014-06-12 13:00:00,2014-06-12 13:14:00,1,0,1.0,840,SUCCESS,,
Washing_Machine_2014-06-14_02,Washing Machine,2014-06-14 14:55:00,2014-06-14 16:37:00,2014-06-14 15:00:00,2014-06-14 16:42:00,0,0,0.1,5,SUCCESS,,
Washing_Machine_2014-06-17_01,Washing Machine,2014-06-17 22:53:00,2014-06-18 00:36:00,2014-06-18 13:00:00,2014-06-18 14:43:00,1,0,1.0,847,SUCCESS,,
Washing_Machine_2014-06-19_01,Washing Machine,2014-06-19 23:22:00,2014-06-20 01:05:00,2014-06-20 13:00:00,2014-06-20 14:43:00,1,0,1.0,818,SUCCESS,,
Washing_Machine_2014-06-21_01,Washing Machine,2014-06-21 22:25:00,2014-06-22 00:09:00,2014-06-22 13:00:00,2014-06-22 14:44:00,1,0,1.0,875,SUCCESS,,
Washing_Machine_2014-06-22_01,Washing Machine,2014-06-22 20:54:00,2014-06-22 22:36:00,2014-06-22 20:59:00,2014-06-22 22:41:00,0,0,0.1,5,SUCCESS,,
Washing_Machine_2014-06-25_01,Washing Machine,2014-06-25 22:22:00,2014-06-26 00:06:00,2014-06-26 13:00:00,2014-06-26 14:44:00,1,0,1.0,878,SUCCESS,,
Washing_Machine_2014-06-28_01,Washing Machine,2014-06-28 21:35:00,2014-06-28 23:19:00,2014-06-28 21:40:00,2014-06-28 23:24:00,1,0,1.0,5,SUCCESS,,
Washing_Machine_2014-06-29_01,Washing Machine,2014-06-29 16:48:00,2014-06-29 18:33:00,2014-06-29 20:00:00,2014-06-29 21:45:00,1,0,1.0,192,SUCCESS,,
Washing_Machine_2014-06-30_01,Washing Machine,2014-06-30 21:55:00,2014-06-30 23:00:00,2014-07-01 13:00:00,2014-07-01 14:05:00,1,0,1.0,905,SUCCESS,,
Washing_Machine_2014-06-30_02,Washing Machine,2014-06-30 23:01:00,2014-06-30 23:38:00,2014-07-01 06:00:00,2014-07-01 06:37:00,1,0,1.0,839,SUCCESS,,
Washing_Machine_2014-07-01_01,Washing Machine,2014-07-01 18:03:00,2014-07-01 19:22:00,2014-07-01 20:00:00,2014-07-01 21:19:00,1,0,1.0,117,SUCCESS,,
Washing_Machine_2014-07-05_01,Washing Machine,2014-07-05 21:35:00,2014-07-05 23:17:00,2014-07-05 21:40:00,2014-07-05 23:22:00,1,0,1.0,5,SUCCESS,,
Washing_Machine_2014-07-08_02,Washing Machine,2014-07-08 21:04:00,2014-07-08 22:45:00,2014-07-08 21:09:00,2014-07-08 22:50:00,0,0,0.1,5,SUCCESS,,
Washing_Machine_2014-07-09_01,Washing Machine,2014-07-09 12:31:00,2014-07-09 12:37:00,2014-07-09 13:00:00,2014-07-09 13:06:00,1,0,1.0,29,SUCCESS,,
Washing_Machine_2014-07-09_03,Washing Machine,2014-07-09 12:48:00,2014-07-09 12:55:00,2014-07-09 13:06:00,2014-07-09 13:13:00,1,0,1.0,12,SUCCESS,,
Washing_Machine_2014-07-09_04,Washing Machine,2014-07-09 12:56:00,2014-07-09 13:01:00,2014-07-09 13:13:00,2014-07-09 13:18:00,1,0,1.0,5,SUCCESS,,
Washing_Machine_2014-07-10_01,Washing Machine,2014-07-10 22:32:00,2014-07-11 00:16:00,2014-07-11 13:00:00,2014-07-11 14:44:00,1,0,1.0,868,SUCCESS,,
Washing_Machine_2014-07-12_01,Washing Machine,2014-07-12 10:24:00,2014-07-12 12:06:00,2014-07-12 13:00:00,2014-07-12 14:42:00,1,0,1.0,156,SUCCESS,,
Washing_Machine_2014-07-13_01,Washing Machine,2014-07-13 12:27:00,2014-07-13 14:10:00,2014-07-13 13:00:00,2014-07-13 14:43:00,0,0,0.1,33,SUCCESS,,
Washing_Machine_2014-07-19_01,Washing Machine,2014-07-19 23:22:00,2014-07-20 01:03:00,2014-07-20 13:00:00,2014-07-20 14:41:00,1,0,1.0,818,SUCCESS,,
Washing_Machine_2014-07-20_01,Washing Machine,2014-07-20 22:47:00,2014-07-21 00:29:00,2014-07-21 13:00:00,2014-07-21 14:42:00,1,0,1.0,853,SUCCESS,,
Washing_Machine_2014-07-21_05,Washing Machine,2014-07-21 16:01:00,2014-07-21 16:08:00,2014-07-21 20:00:00,2014-07-21 20:07:00,1,0,1.0,239,SUCCESS,,
Washing_Machine_2014-07-21_06,Washing Machine,2014-07-21 16:09:00,2014-07-21 16:21:00,2014-07-21 20:07:00,2014-07-21 20:19:00,1,0,1.0,231,SUCCESS,,
Washing_Machine_2014-07-21_07,Washing Machine,2014-07-21 16:22:00,2014-07-21 16:27:00,2014-07-21 20:19:00,2014-07-21 20:24:00,1,0,1.0,218,SUCCESS,,
Washing_Machine_2014-07-21_08,Washing Machine,2014-07-21 22:31:00,2014-07-22 00:24:00,2014-07-22 06:00:00,2014-07-22 07:53:00,1,0,1.0,869,SUCCESS,,
Washing_Machine_2014-07-22_01,Washing Machine,2014-07-22 21:01:00,2014-07-22 22:43:00,2014-07-22 21:06:00,2014-07-22 22:48:00,0,0,0.1,5,SUCCESS,,
Washing_Machine_2014-07-23_05,Washing Machine,2014-07-23 15:53:00,2014-07-23 16:01:00,2014-07-23 20:00:00,2014-07-23 20:08:00,0,0,0.1,5,SUCCESS,,
Washing_Machine_2014-07-23_06,Washing Machine,2014-07-23 16:02:00,2014-07-23 16:09:00,2014-07-23 20:08:00,2014-07-23 20:15:00,1,0,1.0,238,SUCCESS,,
Washing_Machine_2014-07-27_01,Washing Machine,2014-07-27 22:09:00,2014-07-27 23:51:00,2014-07-28 13:00:00,2014-07-28 14:42:00,1,0,1.0,891,SUCCESS,,
Washing_Machine_2014-08-01_01,Washing Machine,2014-08-01 08:12:00,2014-08-01 09:55:00,2014-08-01 13:00:00,2014-08-01 14:43:00,1,0,1.0,288,SUCCESS,,
Washing_Machine_2014-08-01_02,Washing Machine,2014-08-01 12:29:00,2014-08-01 14:11:00,2014-08-01 20:00:00,2014-08-01 21:42:00,0,0,0.1,31,SUCCESS,,
Washing_Machine_2014-08-02_01,Washing Machine,2014-08-02 21:56:00,2014-08-02 22:38:00,2014-08-03 13:00:00,2014-08-03 13:42:00,1,0,1.0,904,SUCCESS,,
Washing_Machine_2014-08-02_02,Washing Machine,2014-08-02 22:39:00,2014-08-02 23:38:00,2014-08-03 06:00:00,2014-08-03 06:59:00,1,0,1.0,861,SUCCESS,,
Washing_Machine_2014-08-04_01,Washing Machine,2014-08-04 00:06:00,2014-08-04 01:49:00,2014-08-04 13:00:00,2014-08-04 14:43:00,1,0,1.0,774,SUCCESS,,
Washing_Machine_2014-08-04_02,Washing Machine,2014-08-04 21:13:00,2014-08-04 22:57:00,2014-08-05 06:00:00,2014-08-05 07:44:00,1,0,1.0,5,SUCCESS,,
Washing_Machine_2014-08-12_02,Washing Machine,2014-08-12 15:10:00,2014-08-12 16:52:00,2014-08-12 15:15:00,2014-08-12 16:57:00,1,0,1.0,5,SUCCESS,,
Washing_Machine_2014-08-13_03,Washing Machine,2014-08-13 16:21:00,2014-08-13 16:26:00,2014-08-13 20:00:00,2014-08-13 20:05:00,1,0,1.0,219,SUCCESS,,
Washing_Machine_2014-08-13_04,Washing Machine,2014-08-13 16:28:00,2014-08-13 16:33:00,2014-08-13 20:05:00,2014-08-13 20:10:00,1,0,1.0,212,SUCCESS,,
Washing_Machine_2014-08-13_05,Washing Machine,2014-08-13 16:34:00,2014-08-13 16:40:00,2014-08-13 20:10:00,2014-08-13 20:16:00,1,0,1.0,206,SUCCESS,,
Washing_Machine_2014-08-19_01,Washing Machine,2014-08-19 21:21:00,2014-08-19 23:05:00,2014-08-19 21:26:00,2014-08-19 23:10:00,1,0,1.0,5,SUCCESS,,
Washing_Machine_2014-08-21_01,Washing Machine,2014-08-21 23:42:00,2014-08-22 00:58:00,2014-08-22 13:00:00,2014-08-22 14:16:00,1,0,1.0,798,SUCCESS,,
Washing_Machine_2014-08-22_01,Washing Machine,2014-08-22 00:59:00,2014-08-22 01:25:00,2014-08-22 13:00:00,2014-08-22 13:26:00,0,0,0.1,721,SUCCESS,,
Washing_Machine_2014-08-25_01,Washing Machine,2014-08-25 21:50:00,2014-08-25 23:31:00,2014-08-26 13:00:00,2014-08-26 14:41:00,1,0,1.0,910,SUCCESS,,
Washing_Machine_2014-08-26_02,Washing Machine,2014-08-26 22:26:00,2014-08-27 00:10:00,2014-08-27 13:00:00,2014-08-27 14:44:00,1,0,1.0,874,SUCCESS,,
Washing_Machine_2014-08-29_01,Washing Machine,2014-08-29 08:59:00,2014-08-29 10:42:00,2014-08-29 13:00:00,2014-08-29 14:43:00,1,0,1.0,241,SUCCESS,,
Washing_Machine_2014-09-02_01,Washing Machine,2014-09-02 00:03:00,2014-09-02 01:46:00,2014-09-02 13:00:00,2014-09-02 14:43:00,1,0,1.0,777,SUCCESS,,
Washing_Machine_2014-09-03_01,Washing Machine,2014-09-03 12:38:00,2014-09-03 14:21:00,2014-09-03 13:00:00,2014-09-03 14:43:00,0,0,0.1,22,SUCCESS,,
Washing_Machine_2014-09-03_02,Washing Machine,2014-09-03 14:39:00,2014-09-03 16:16:00,2014-09-03 20:00:00,2014-09-03 21:37:00,0,0,0.1,5,SUCCESS,,
Washing_Machine_2014-09-04_05,Washing Machine,2014-09-04 21:48:00,2014-09-04 23:33:00,2014-09-05 13:00:00,2014-09-05 14:45:00,1,0,1.0,912,SUCCESS,,
Washing_Machine_2014-09-08_01,Washing Machine,2014-09-08 12:13:00,2014-09-08 14:08:00,2014-09-08 13:00:00,2014-09-08 14:55:00,0,0,0.1,47,SUCCESS,,
Washing_Machine_2014-09-08_02,Washing Machine,2014-09-08 22:08:00,2014-09-08 23:50:00,2014-09-09 06:00:00,2014-09-09 07:42:00,1,0,1.0,892,SUCCESS,,
Washing_Machine_2014-09-10_02,Washing Machine,2014-09-10 12:06:00,2014-09-10 12:12:00,2014-09-10 13:00:00,2014-09-10 13:06:00,1,0,1.0,54,SUCCESS,,
Washing_Machine_2014-09-10_03,Washing Machine,2014-09-10 21:28:00,2014-09-10 23:08:00,2014-09-11 06:00:00,2014-09-11 07:40:00,1,0,1.0,5,SUCCESS,,
Washing_Machine_2014-09-11_01,Washing Machine,2014-09-11 11:23:00,2014-09-11 11:28:00,2014-09-11 13:00:00,2014-09-11 13:05:00,1,0,1.0,97,SUCCESS,,
Washing_Machine_2014-09-11_02,Washing Machine,2014-09-11 23:20:00,2014-09-12 01:02:00,2014-09-12 06:00:00,2014-09-12 07:42:00,1,0,1.0,820,SUCCESS,,
Washing_Machine_2014-09-14_01,Washing Machine,2014-09-14 21:28:00,2014-09-14 23:10:00,2014-09-14 21:33:00,2014-09-14 23:15:00,1,0,1.0,5,SUCCESS,,
Washing_Machine_2014-09-16_01,Washing Machine,2014-09-16 09:15:00,2014-09-16 11:01:00,2014-09-16 13:00:00,2014-09-16 14:46:00,1,0,1.0,225,SUCCESS,,
Washing_Machine_2014-09-17_01,Washing Machine,2014-09-17 10:32:00,2014-09-17 10:41:00,2014-09-17 13:00:00,2014-09-17 13:09:00,1,0,1.0,148,SUCCESS,,
Washing_Machine_2014-09-17_08,Washing Machine,2014-09-17 10:59:00,2014-09-17 11:17:00,2014-09-17 13:09:00,2014-09-17 13:27:00,1,0,1.0,121,SUCCESS,,
Washing_Machine_2014-09-17_09,Washing Machine,2014-09-17 11:18:00,2014-09-17 11:25:00,2014-09-17 13:27:00,2014-09-17 13:34:00,1,0,1.0,102,SUCCESS,,
Washing_Machine_2014-09-19_01,Washing Machine,2014-09-19 21:37:00,2014-09-19 23:21:00,2014-09-19 21:42:00,2014-09-19 23:26:00,1,0,1.0,5,SUCCESS,,
Washing_Machine_2014-09-20_01,Washing Machine,2014-09-20 10:51:00,2014-09-20 10:56:00,2014-09-20 13:00:00,2014-09-20 13:05:00,1,0,1.0,129,SUCCESS,,
Washing_Machine_2014-09-20_03,Washing Machine,2014-09-20 11:17:00,2014-09-20 11:33:00,2014-09-20 13:05:00,2014-09-20 13:21:00,1,0,1.0,103,SUCCESS,,
Washing_Machine_2014-09-21_01,Washing Machine,2014-09-21 18:50:00,2014-09-21 20:32:00,2014-09-21 20:00:00,2014-09-21 21:42:00,1,0,1.0,70,SUCCESS,,
Washing_Machine_2014-09-21_02,Washing Machine,2014-09-21 23:05:00,2014-09-22 00:47:00,2014-09-22 06:00:00,2014-09-22 07:42:00,1,0,1.0,835,SUCCESS,,
Washing_Machine_2014-09-22_01,Washing Machine,2014-09-22 08:59:00,2014-09-22 10:45:00,2014-09-22 13:00:00,2014-09-22 14:46:00,1,0,1.0,241,SUCCESS,,
Washing_Machine_2014-09-24_01,Washing Machine,2014-09-24 21:10:00,2014-09-24 22:52:00,2014-09-24 21:15:00,2014-09-24 22:57:00,1,0,1.0,5,SUCCESS,,
Washing_Machine_2014-09-25_01,Washing Machine,2014-09-25 21:57:00,2014-09-25 23:24:00,2014-09-26 13:00:00,2014-09-26 14:27:00,1,0,1.0,903,SUCCESS,,
Washing_Machine_2014-09-28_01,Washing Machine,2014-09-28 20:58:00,2014-09-28 22:41:00,2014-09-28 21:03:00,2014-09-28 22:46:00,0,0,0.1,5,SUCCESS,,
Washing_Machine_2014-10-01_01,Washing Machine,2014-10-01 00:11:00,2014-10-01 01:51:00,2014-10-01 13:00:00,2014-10-01 14:40:00,0,0,0.1,769,SUCCESS,,
Washing_Machine_2014-10-01_02,Washing Machine,2014-10-01 22:15:00,2014-10-02 00:00:00,2014-10-02 06:00:00,2014-10-02 07:45:00,1,0,1.0,885,SUCCESS,,
Washing_Machine_2014-10-02_01,Washing Machine,2014-10-02 22:58:00,2014-10-03 00:41:00,2014-10-03 13:00:00,2014-10-03 14:43:00,1,0,1.0,842,SUCCESS,,
Washing_Machine_2014-10-03_01,Washing Machine,2014-10-03 22:11:00,2014-10-03 23:54:00,2014-10-04 13:00:00,2014-10-04 14:43:00,1,0,1.0,889,SUCCESS,,
Washing_Machine_2014-10-07_01,Washing Machine,2014-10-07 22:36:00,2014-10-08 00:19:00,2014-10-08 13:00:00,2014-10-08 14:43:00,1,0,1.0,864,SUCCESS,,
Washing_Machine_2014-10-09_01,Washing Machine,2014-10-09 23:30:00,2014-10-10 01:23:00,2014-10-10 13:00:00,2014-10-10 14:53:00,1,0,1.0,810,SUCCESS,,
Washing_Machine_2014-10-10_01,Washing Machine,2014-10-10 23:11:00,2014-10-11 00:52:00,2014-10-11 13:00:00,2014-10-11 14:41:00,1,0,1.0,829,SUCCESS,,
Washing_Machine_2014-10-13_01,Washing Machine,2014-10-13 10:54:00,2014-10-13 11:41:00,2014-10-13 13:00:00,2014-10-13 13:47:00,1,0,1.0,126,SUCCESS,,
Washing_Machine_2014-10-13_02,Washing Machine,2014-10-13 23:03:00,2014-10-14 00:46:00,2014-10-14 06:00:00,2014-10-14 07:43:00,1,0,1.0,837,SUCCESS,,
Washing_Machine_2014-10-15_01,Washing Machine,2014-10-15 23:40:00,2014-10-16 01:24:00,2014-10-16 13:00:00,2014-10-16 14:44:00,1,0,1.0,800,SUCCESS,,
Washing_Machine_2014-10-16_01,Washing Machine,2014-10-16 21:22:00,2014-10-16 23:05:00,2014-10-16 21:27:00,2014-10-16 23:10:00,1,0,1.0,5,SUCCESS,,
Washing_Machine_2014-10-18_01,Washing Machine,2014-10-18 23:50:00,2014-10-19 01:33:00,2014-10-19 13:00:00,2014-10-19 14:43:00,1,0,1.0,790,SUCCESS,,
Washing_Machine_2014-10-22_01,Washing Machine,2014-10-22 22:27:00,2014-10-22 23:08:00,2014-10-23 13:00:00,2014-10-23 13:41:00,1,0,1.0,873,SUCCESS,,
Washing_Machine_2014-10-23_01,Washing Machine,2014-10-23 21:36:00,2014-10-23 23:21:00,2014-10-23 21:41:00,2014-10-23 23:26:00,1,0,1.0,5,SUCCESS,,
Washing_Machine_2014-10-25_01,Washing Machine,2014-10-25 19:05:00,2014-10-25 20:16:00,2014-10-25 20:00:00,2014-10-25 21:11:00,1,0,1.0,55,SUCCESS,,
Washing_Machine_2014-10-26_01,Washing Machine,2014-10-26 23:53:00,2014-10-27 01:35:00,2014-10-27 13:00:00,2014-10-27 14:42:00,1,0,1.0,787,SUCCESS,,
Washing_Machine_2014-11-01_01,Washing Machine,2014-11-01 11:22:00,2014-11-01 13:04:00,2014-11-01 13:00:00,2014-11-01 14:42:00,1,0,1.0,98,SUCCESS,,
Washing_Machine_2014-11-02_01,Washing Machine,2014-11-02 23:54:00,2014-11-03 01:38:00,2014-11-03 13:00:00,2014-11-03 14:44:00,1,0,1.0,786,SUCCESS,,
Washing_Machine_2014-11-04_02,Washing Machine,2014-11-04 08:37:00,2014-11-04 10:20:00,2014-11-04 13:00:00,2014-11-04 14:43:00,1,0,1.0,263,SUCCESS,,
Washing_Machine_2014-11-05_01,Washing Machine,2014-11-05 10:00:00,2014-11-05 10:11:00,2014-11-05 13:00:00,2014-11-05 13:11:00,1,0,1.0,180,SUCCESS,,
Washing_Machine_2014-11-05_04,Washing Machine,2014-11-05 10:18:00,2014-11-05 10:23:00,2014-11-05 13:11:00,2014-11-05 13:16:00,1,0,1.0,162,SUCCESS,,
Washing_Machine_2014-11-05_06,Washing Machine,2014-11-05 10:29:00,2014-11-05 10:46:00,2014-11-05 13:16:00,2014-11-05 13:33:00,1,0,1.0,151,SUCCESS,,
Washing_Machine_2014-11-05_07,Washing Machine,2014-11-05 10:47:00,2014-11-05 10:54:00,2014-11-05 13:33:00,2014-11-05 13:40:00,1,0,1.0,133,SUCCESS,,
Washing_Machine_2014-11-05_08,Washing Machine,2014-11-05 14:49:00,2014-11-05 16:39:00,2014-11-05 20:00:00,2014-11-05 21:50:00,0,0,0.1,5,SUCCESS,,
Washing_Machine_2014-11-07_01,Washing Machine,2014-11-07 23:43:00,2014-11-08 01:26:00,2014-11-08 13:00:00,2014-11-08 14:43:00,1,0,1.0,797,SUCCESS,,
Washing_Machine_2014-11-08_02,Washing Machine,2014-11-08 23:27:00,2014-11-09 01:13:00,2014-11-09 13:00:00,2014-11-09 14:46:00,1,0,1.0,813,SUCCESS,,
Washing_Machine_2014-11-09_01,Washing Machine,2014-11-09 22:50:00,2014-11-10 13:15:00,2014-11-10 13:00:00,2014-11-11 03:25:00,1,0,1.0,850,SUCCESS,,
Washing_Machine_2014-11-11_01,Washing Machine,2014-11-11 08:13:00,2014-11-11 09:19:00,2014-11-11 13:00:00,2014-11-11 14:06:00,1,0,1.0,287,SUCCESS,,
Washing_Machine_2014-11-12_01,Washing Machine,2014-11-12 22:40:00,2014-11-13 00:22:00,2014-11-13 13:00:00,2014-11-13 14:42:00,1,0,1.0,860,SUCCESS,,
Washing_Machine_2014-11-15_01,Washing Machine,2014-11-15 22:42:00,2014-11-16 00:25:00,2014-11-16 13:00:00,2014-11-16 14:43:00,1,0,1.0,858,SUCCESS,,
Washing_Machine_2014-11-17_01,Washing Machine,2014-11-17 00:12:00,2014-11-17 01:54:00,2014-11-17 13:00:00,2014-11-17 14:42:00,0,0,0.1,768,SUCCESS,,
Washing_Machine_2014-11-19_01,Washing Machine,2014-11-19 23:36:00,2014-11-20 01:22:00,2014-11-20 13:00:00,2014-11-20 14:46:00,1,0,1.0,804,SUCCESS,,
Washing_Machine_2014-11-21_01,Washing Machine,2014-11-21 21:42:00,2014-11-21 23:23:00,2014-11-21 21:47:00,2014-11-21 23:28:00,1,0,1.0,5,SUCCESS,,
Washing_Machine_2014-11-22_01,Washing Machine,2014-11-22 23:59:00,2014-11-23 01:46:00,2014-11-23 13:00:00,2014-11-23 14:47:00,1,0,1.0,781,SUCCESS,,
Washing_Machine_2014-11-23_01,Washing Machine,2014-11-23 16:58:00,2014-11-23 18:41:00,2014-11-23 20:00:00,2014-11-23 21:43:00,1,0,1.0,182,SUCCESS,,
Washing_Machine_2014-11-24_01,Washing Machine,2014-11-24 09:05:00,2014-11-24 09:54:00,2014-11-24 13:00:00,2014-11-24 13:49:00,1,0,1.0,235,SUCCESS,,
Washing_Machine_2014-11-26_01,Washing Machine,2014-11-26 23:15:00,2014-11-27 00:57:00,2014-11-27 13:00:00,2014-11-27 14:42:00,1,0,1.0,825,SUCCESS,,
Washing_Machine_2014-11-29_01,Washing Machine,2014-11-29 10:01:00,2014-11-29 11:44:00,2014-11-29 13:00:00,2014-11-29 14:43:00,1,0,1.0,179,SUCCESS,,
Washing_Machine_2014-11-30_01,Washing Machine,2014-11-30 21:36:00,2014-11-30 23:17:00,2014-11-30 21:41:00,2014-11-30 23:22:00,1,0,1.0,5,SUCCESS,,
Washing_Machine_2014-12-03_01,Washing Machine,2014-12-03 22:58:00,2014-12-04 00:40:00,2014-12-04 13:00:00,2014-12-04 14:42:00,1,0,1.0,842,SUCCESS,,
Washing_Machine_2014-12-04_01,Washing Machine,2014-12-04 21:09:00,2014-12-04 22:51:00,2014-12-04 21:14:00,2014-12-04 22:56:00,0,0,0.1,5,SUCCESS,,
Washing_Machine_2014-12-07_01,Washing Machine,2014-12-07 19:16:00,2014-12-07 20:02:00,2014-12-07 20:00:00,2014-12-07 20:46:00,1,0,1.0,44,SUCCESS,,
Washing_Machine_2014-12-07_02,Washing Machine,2014-12-07 21:49:00,2014-12-07 22:34:00,2014-12-08 13:00:00,2014-12-08 13:45:00,1,0,1.0,5,SUCCESS,,
Washing_Machine_2014-12-08_01,Washing Machine,2014-12-08 22:14:00,2014-12-08 23:55:00,2014-12-09 13:00:00,2014-12-09 14:41:00,1,0,1.0,886,SUCCESS,,
Washing_Machine_2014-12-10_01,Washing Machine,2014-12-10 23:39:00,2014-12-11 01:22:00,2014-12-11 13:00:00,2014-12-11 14:43:00,1,0,1.0,801,SUCCESS,,
Washing_Machine_2014-12-11_01,Washing Machine,2014-12-11 22:48:00,2014-12-12 00:34:00,2014-12-12 13:00:00,2014-12-12 14:46:00,1,0,1.0,852,SUCCESS,,
Washing_Machine_2014-12-13_01,Washing Machine,2014-12-13 10:57:00,2014-12-13 12:38:00,2014-12-13 13:00:00,2014-12-13 14:41:00,1,0,1.0,123,SUCCESS,,
Washing_Machine_2014-12-15_01,Washing Machine,2014-12-15 09:39:00,2014-12-15 11:32:00,2014-12-15 13:00:00,2014-12-15 14:53:00,1,0,1.0,201,SUCCESS,,
Washing_Machine_2014-12-15_02,Washing Machine,2014-12-15 21:24:00,2014-12-15 23:08:00,2014-12-16 06:00:00,2014-12-16 07:44:00,1,0,1.0,5,SUCCESS,,
Washing_Machine_2014-12-19_01,Washing Machine,2014-12-19 22:39:00,2014-12-20 00:21:00,2014-12-20 13:00:00,2014-12-20 14:42:00,1,0,1.0,861,SUCCESS,,
Washing_Machine_2014-12-20_01,Washing Machine,2014-12-20 21:38:00,2014-12-20 23:20:00,2014-12-20 21:43:00,2014-12-20 23:25:00,1,0,1.0,5,SUCCESS,,
Washing_Machine_2014-12-23_01,Washing Machine,2014-12-23 00:17:00,2014-12-23 02:00:00,2014-12-23 13:00:00,2014-12-23 14:43:00,0,0,0.1,763,SUCCESS,,
Washing_Machine_2014-12-23_02,Washing Machine,2014-12-23 15:53:00,2014-12-23 17:36:00,2014-12-23 20:00:00,2014-12-23 21:43:00,1,0,1.0,5,SUCCESS,,
Washing_Machine_2014-12-29_01,Washing Machine,2014-12-29 00:54:00,2014-12-29 02:36:00,2014-12-29 13:00:00,2014-12-29 14:42:00,0,0,0.1,726,SUCCESS,,
Washing_Machine_2014-12-29_02,Washing Machine,2014-12-29 21:40:00,2014-12-29 23:23:00,2014-12-30 06:00:00,2014-12-30 07:43:00,1,0,1.0,5,SUCCESS,,
Washing_Machine_2015-01-01_01,Washing Machine,2015-01-01 23:41:00,2015-01-02 01:25:00,2015-01-02 13:00:00,2015-01-02 14:44:00,1,0,1.0,799,SUCCESS,,
Washing_Machine_2015-01-02_01,Washing Machine,2015-01-02 10:09:00,2015-01-02 11:51:00,2015-01-02 13:00:00,2015-01-02 14:42:00,1,0,1.0,171,SUCCESS,,
Washing_Machine_2015-01-03_01,Washing Machine,2015-01-03 23:52:00,2015-01-04 01:37:00,2015-01-04 13:00:00,2015-01-04 14:45:00,1,0,1.0,788,SUCCESS,,
Washing_Machine_2015-01-04_01,Washing Machine,2015-01-04 23:48:00,2015-01-05 01:30:00,2015-01-05 13:00:00,2015-01-05 14:42:00,1,0,1.0,792,SUCCESS,,
Washing_Machine_2015-01-05_01,Washing Machine,2015-01-05 09:55:00,2015-01-05 11:37:00,2015-01-05 13:00:00,2015-01-05 14:42:00,1,0,1.0,185,SUCCESS,,
Washing_Machine_2015-01-07_01,Washing Machine,2015-01-07 21:32:00,2015-01-07 23:18:00,2015-01-07 21:37:00,2015-01-07 23:23:00,1,0,1.0,5,SUCCESS,,
Washing_Machine_2015-01-07_02,Washing Machine,2015-01-07 23:36:00,2015-01-08 01:18:00,2015-01-08 06:00:00,2015-01-08 07:42:00,1,0,1.0,804,SUCCESS,,
Washing_Machine_2015-01-09_01,Washing Machine,2015-01-09 23:52:00,2015-01-10 01:36:00,2015-01-10 13:00:00,2015-01-10 14:44:00,1,0,1.0,788,SUCCESS,,
Washing_Machine_2015-01-13_01,Washing Machine,2015-01-13 22:23:00,2015-01-14 00:07:00,2015-01-14 13:00:00,2015-01-14 14:44:00,1,0,1.0,877,SUCCESS,,
Washing_Machine_2015-01-15_01,Washing Machine,2015-01-15 23:23:00,2015-01-16 01:07:00,2015-01-16 13:00:00,2015-01-16 14:44:00,1,0,1.0,817,SUCCESS,,
Washing_Machine_2015-01-16_01,Washing Machine,2015-01-16 23:18:00,2015-01-17 01:03:00,2015-01-17 13:00:00,2015-01-17 14:45:00,1,0,1.0,822,SUCCESS,,
Washing_Machine_2015-01-20_01,Washing Machine,2015-01-20 23:41:00,2015-01-21 01:22:00,2015-01-21 13:00:00,2015-01-21 14:41:00,1,0,1.0,799,SUCCESS,,
Washing_Machine_2015-01-21_01,Washing Machine,2015-01-21 23:10:00,2015-01-22 00:59:00,2015-01-22 13:00:00,2015-01-22 14:49:00,1,0,1.0,830,SUCCESS,,
Washing_Machine_2015-01-22_01,Washing Machine,2015-01-22 17:14:00,2015-01-22 18:32:00,2015-01-22 20:00:00,2015-01-22 21:18:00,1,0,1.0,166,SUCCESS,,
Washing_Machine_2015-01-22_02,Washing Machine,2015-01-22 21:51:00,2015-01-22 23:52:00,2015-01-23 06:00:00,2015-01-23 08:01:00,1,0,1.0,909,SUCCESS,,
Washing_Machine_2015-01-24_02,Washing Machine,2015-01-24 23:51:00,2015-01-25 01:34:00,2015-01-25 13:00:00,2015-01-25 14:43:00,1,0,1.0,789,SUCCESS,,
Washing_Machine_2015-01-25_01,Washing Machine,2015-01-25 22:43:00,2015-01-26 00:24:00,2015-01-26 13:00:00,2015-01-26 14:41:00,1,0,1.0,857,SUCCESS,,
Washing_Machine_2015-01-29_01,Washing Machine,2015-01-29 00:45:00,2015-01-29 02:27:00,2015-01-29 13:00:00,2015-01-29 14:42:00,0,0,0.1,735,SUCCESS,,
Washing_Machine_2015-01-31_01,Washing Machine,2015-01-31 22:51:00,2015-02-01 00:34:00,2015-02-01 13:00:00,2015-02-01 14:43:00,1,0,1.0,849,SUCCESS,,
Washing_Machine_2015-02-03_02,Washing Machine,2015-02-03 15:46:00,2015-02-03 17:28:00,2015-02-03 15:51:00,2015-02-03 17:33:00,1,0,1.0,5,SUCCESS,,
Washing_Machine_2015-02-07_01,Washing Machine,2015-02-07 23:12:00,2015-02-08 00:55:00,2015-02-08 13:00:00,2015-02-08 14:43:00,1,0,1.0,828,SUCCESS,,
Washing_Machine_2015-02-08_01,Washing Machine,2015-02-08 17:42:00,2015-02-08 19:27:00,2015-02-08 20:00:00,2015-02-08 21:45:00,1,0,1.0,138,SUCCESS,,
Washing_Machine_2015-02-08_02,Washing Machine,2015-02-08 23:49:00,2015-02-09 01:30:00,2015-02-09 06:00:00,2015-02-09 07:41:00,1,0,1.0,791,SUCCESS,,
Washing_Machine_2015-02-10_01,Washing Machine,2015-02-10 00:22:00,2015-02-10 02:07:00,2015-02-10 13:00:00,2015-02-10 14:45:00,0,0,0.1,758,SUCCESS,,
Washing_Machine_2015-02-12_01,Washing Machine,2015-02-12 23:03:00,2015-02-13 00:47:00,2015-02-13 13:00:00,2015-02-13 14:44:00,1,0,1.0,837,SUCCESS,,
Washing_Machine_2015-02-17_01,Washing Machine,2015-02-17 00:23:00,2015-02-17 02:07:00,2015-02-17 13:00:00,2015-02-17 14:44:00,0,0,0.1,757,SUCCESS,,
Washing_Machine_2015-02-17_02,Washing Machine,2015-02-17 23:01:00,2015-02-18 00:44:00,2015-02-18 06:00:00,2015-02-18 07:43:00,1,0,1.0,839,SUCCESS,,
Washing_Machine_2015-02-18_02,Washing Machine,2015-02-18 09:28:00,2015-02-18 09:39:00,2015-02-18 13:00:00,2015-02-18 13:11:00,1,0,1.0,212,SUCCESS,,
Washing_Machine_2015-02-18_08,Washing Machine,2015-02-18 09:56:00,2015-02-18 10:05:00,2015-02-18 13:11:00,2015-02-18 13:20:00,1,0,1.0,184,SUCCESS,,
Washing_Machine_2015-02-18_09,Washing Machine,2015-02-18 10:06:00,2015-02-18 10:13:00,2015-02-18 13:20:00,2015-02-18 13:27:00,1,0,1.0,174,SUCCESS,,
Washing_Machine_2015-02-18_10,Washing Machine,2015-02-18 10:15:00,2015-02-18 10:22:00,2015-02-18 13:27:00,2015-02-18 13:34:00,1,0,1.0,165,SUCCESS,,
Washing_Machine_2015-02-18_11,Washing Machine,2015-02-18 23:54:00,2015-02-19 01:37:00,2015-02-19 06:00:00,2015-02-19 07:43:00,1,0,1.0,786,SUCCESS,,
Washing_Machine_2015-02-21_01,Washing Machine,2015-02-21 00:16:00,2015-02-21 02:01:00,2015-02-21 13:00:00,2015-02-21 14:45:00,0,0,0.1,764,SUCCESS,,
Washing_Machine_2015-02-23_01,Washing Machine,2015-02-23 23:00:00,2015-02-24 00:44:00,2015-02-24 13:00:00,2015-02-24 14:44:00,1,0,1.0,840,SUCCESS,,
Washing_Machine_2015-02-25_01,Washing Machine,2015-02-25 22:00:00,2015-02-25 23:43:00,2015-02-26 13:00:00,2015-02-26 14:43:00,1,0,1.0,900,SUCCESS,,
Washing_Machine_2015-02-26_01,Washing Machine,2015-02-26 23:05:00,2015-02-27 00:46:00,2015-02-27 13:00:00,2015-02-27 14:41:00,1,0,1.0,835,SUCCESS,,
Washing_Machine_2015-03-01_01,Washing Machine,2015-03-01 22:51:00,2015-03-02 00:35:00,2015-03-02 13:00:00,2015-03-02 14:44:00,1,0,1.0,849,SUCCESS,,
Washing_Machine_2015-03-02_01,Washing Machine,2015-03-02 22:48:00,2015-03-03 00:32:00,2015-03-03 13:00:00,2015-03-03 14:44:00,1,0,1.0,852,SUCCESS,,
Washing_Machine_2015-03-04_01,Washing Machine,2015-03-04 22:24:00,2015-03-05 00:06:00,2015-03-05 13:00:00,2015-03-05 14:42:00,1,0,1.0,876,SUCCESS,,
Washing_Machine_2015-03-05_02,Washing Machine,2015-03-05 08:36:00,2015-03-05 08:45:00,2015-03-05 13:00:00,2015-03-05 13:09:00,1,0,1.0,264,SUCCESS,,
Washing_Machine_2015-03-06_02,Washing Machine,2015-03-06 21:50:00,2015-03-06 23:33:00,2015-03-07 13:00:00,2015-03-07 14:43:00,1,0,1.0,910,SUCCESS,,
Washing_Machine_2015-03-10_01,Washing Machine,2015-03-10 00:10:00,2015-03-10 01:56:00,2015-03-10 13:00:00,2015-03-10 14:46:00,0,0,0.1,770,SUCCESS,,
Washing_Machine_2015-03-11_01,Washing Machine,2015-03-11 23:04:00,2015-03-12 00:48:00,2015-03-12 13:00:00,2015-03-12 14:44:00,1,0,1.0,836,SUCCESS,,
Washing_Machine_2015-03-14_01,Washing Machine,2015-03-14 07:58:00,2015-03-14 09:46:00,2015-03-14 13:00:00,2015-03-14 14:48:00,1,0,1.0,302,SUCCESS,,
Washing_Machine_2015-03-16_01,Washing Machine,2015-03-16 00:21:00,2015-03-16 02:04:00,2015-03-16 13:00:00,2015-03-16 14:43:00,0,0,0.1,759,SUCCESS,,
Washing_Machine_2015-03-17_01,Washing Machine,2015-03-17 23:30:00,2015-03-18 00:13:00,2015-03-18 13:00:00,2015-03-18 13:43:00,1,0,1.0,810,SUCCESS,,
Washing_Machine_2015-03-18_01,Washing Machine,2015-03-18 00:14:00,2015-03-18 01:16:00,2015-03-18 13:00:00,2015-03-18 14:02:00,1,0,1.0,766,SUCCESS,,
Washing_Machine_2015-03-19_01,Washing Machine,2015-03-19 23:03:00,2015-03-20 00:46:00,2015-03-20 13:00:00,2015-03-20 14:43:00,1,0,1.0,837,SUCCESS,,
Washing_Machine_2015-03-21_01,Washing Machine,2015-03-21 23:13:00,2015-03-22 00:54:00,2015-03-22 13:00:00,2015-03-22 14:41:00,1,0,1.0,827,SUCCESS,,
Washing_Machine_2015-03-24_01,Washing Machine,2015-03-24 22:35:00,2015-03-25 00:27:00,2015-03-25 13:00:00,2015-03-25 14:52:00,1,0,1.0,865,SUCCESS,,
Washing_Machine_2015-03-25_01,Washing Machine,2015-03-25 21:49:00,2015-03-25 23:31:00,2015-03-26 13:00:00,2015-03-26 14:42:00,1,0,1.0,911,SUCCESS,,
Washing_Machine_2015-03-28_01,Washing Machine,2015-03-28 22:35:00,2015-03-29 00:20:00,2015-03-29 13:00:00,2015-03-29 14:45:00,1,0,1.0,865,SUCCESS,,
Washing_Machine_2015-03-31_01,Washing Machine,2015-03-31 00:05:00,2015-03-31 01:47:00,2015-03-31 13:00:00,2015-03-31 14:42:00,1,0,1.0,775,SUCCESS,,
Washing_Machine_2015-04-01_01,Washing Machine,2015-04-01 22:34:00,2015-04-02 00:17:00,2015-04-02 13:00:00,2015-04-02 14:43:00,1,0,1.0,866,SUCCESS,,
Washing_Machine_2015-04-02_01,Washing Machine,2015-04-02 23:43:00,2015-04-03 01:30:00,2015-04-03 13:00:00,2015-04-03 14:47:00,1,0,1.0,797,SUCCESS,,
Washing_Machine_2015-04-08_01,Washing Machine,2015-04-08 22:28:00,2015-04-09 00:11:00,2015-04-09 13:00:00,2015-04-09 14:43:00,1,0,1.0,872,SUCCESS,,
Washing_Machine_2015-04-09_01,Washing Machine,2015-04-09 22:03:00,2015-04-09 23:47:00,2015-04-10 13:00:00,2015-04-10 14:44:00,1,0,1.0,897,SUCCESS,,
Washing_Machine_2015-04-10_01,Washing Machine,2015-04-10 23:04:00,2015-04-11 00:49:00,2015-04-11 13:00:00,2015-04-11 14:45:00,1,0,1.0,836,SUCCESS,,
Washing_Machine_2015-04-12_01,Washing Machine,2015-04-12 10:18:00,2015-04-12 10:37:00,2015-04-12 13:00:00,2015-04-12 13:19:00,1,0,1.0,162,SUCCESS,,
Washing_Machine_2015-04-12_02,Washing Machine,2015-04-12 10:38:00,2015-04-12 12:07:00,2015-04-12 13:19:00,2015-04-12 14:48:00,1,0,1.0,142,SUCCESS,,
Washing_Machine_2015-04-13_01,Washing Machine,2015-04-13 18:21:00,2015-04-13 20:05:00,2015-04-13 20:00:00,2015-04-13 21:44:00,1,0,1.0,99,SUCCESS,,
Washing_Machine_2015-04-14_01,Washing Machine,2015-04-14 23:45:00,2015-04-15 01:28:00,2015-04-15 13:00:00,2015-04-15 14:43:00,1,0,1.0,795,SUCCESS,,
Washing_Machine_2015-04-17_02,Washing Machine,2015-04-17 22:50:00,2015-04-18 00:31:00,2015-04-18 13:00:00,2015-04-18 14:41:00,1,0,1.0,850,SUCCESS,,
Washing_Machine_2015-04-19_01,Washing Machine,2015-04-19 23:31:00,2015-04-20 01:13:00,2015-04-20 13:00:00,2015-04-20 14:42:00,1,0,1.0,809,SUCCESS,,
Washing_Machine_2015-04-20_01,Washing Machine,2015-04-20 19:52:00,2015-04-20 21:37:00,2015-04-20 20:00:00,2015-04-20 21:45:00,0,0,0.1,8,SUCCESS,,
Washing_Machine_2015-04-21_02,Washing Machine,2015-04-21 21:34:00,2015-04-21 23:21:00,2015-04-21 21:39:00,2015-04-21 23:26:00,1,0,1.0,5,SUCCESS,,
Washing_Machine_2015-04-22_01,Washing Machine,2015-04-22 22:30:00,2015-04-23 00:15:00,2015-04-23 13:00:00,2015-04-23 14:45:00,1,0,1.0,870,SUCCESS,,
Washing_Machine_2015-04-25_02,Washing Machine,2015-04-25 23:21:00,2015-04-26 01:03:00,2015-04-26 13:00:00,2015-04-26 14:42:00,1,0,1.0,819,SUCCESS,,
Washing_Machine_2015-04-27_01,Washing Machine,2015-04-27 21:49:00,2015-04-27 23:32:00,2015-04-28 13:00:00,2015-04-28 14:43:00,1,0,1.0,911,SUCCESS,,
Washing_Machine_2015-04-28_01,Washing Machine,2015-04-28 23:04:00,2015-04-29 00:19:00,2015-04-29 13:00:00,2015-04-29 14:15:00,1,0,1.0,836,SUCCESS,,
Washing_Machine_2015-04-30_01,Washing Machine,2015-04-30 21:29:00,2015-04-30 23:21:00,2015-04-30 21:34:00,2015-04-30 23:26:00,1,0,1.0,5,SUCCESS,,
Washing_Machine_2015-05-01_01,Washing Machine,2015-05-01 23:51:00,2015-05-02 01:33:00,2015-05-02 13:00:00,2015-05-02 14:42:00,1,0,1.0,789,SUCCESS,,
Washing_Machine_2015-05-04_02,Washing Machine,2015-05-04 23:55:00,2015-05-05 01:40:00,2015-05-05 13:00:00,2015-05-05 14:45:00,1,0,1.0,785,SUCCESS,,
Washing_Machine_2015-05-05_01,Washing Machine,2015-05-05 23:01:00,2015-05-06 00:44:00,2015-05-06 13:00:00,2015-05-06 14:43:00,1,0,1.0,839,SUCCESS,,
Washing_Machine_2015-05-07_02,Washing Machine,2015-05-07 23:52:00,2015-05-08 01:36:00,2015-05-08 13:00:00,2015-05-08 14:44:00,1,0,1.0,788,SUCCESS,,
Washing_Machine_2015-05-09_02,Washing Machine,2015-05-09 12:04:00,2015-05-09 13:58:00,2015-05-09 13:00:00,2015-05-09 14:54:00,0,0,0.1,56,SUCCESS,,
Washing_Machine_2015-05-10_01,Washing Machine,2015-05-10 15:24:00,2015-05-10 16:40:00,2015-05-10 15:29:00,2015-05-10 16:45:00,1,0,1.0,5,SUCCESS,,
Washing_Machine_2015-05-19_01,Washing Machine,2015-05-19 22:09:00,2015-05-19 23:53:00,2015-05-20 13:00:00,2015-05-20 14:44:00,1,0,1.0,891,SUCCESS,,
Washing_Machine_2015-05-22_03,Washing Machine,2015-05-22 18:48:00,2015-05-22 20:29:00,2015-05-22 20:00:00,2015-05-22 21:41:00,1,0,1.0,72,SUCCESS,,
Washing_Machine_2015-05-26_01,Washing Machine,2015-05-26 22:41:00,2015-05-27 00:24:00,2015-05-27 13:00:00,2015-05-27 14:43:00,1,0,1.0,859,SUCCESS,,
Washing_Machine_2015-05-27_01,Washing Machine,2015-05-27 15:26:00,2015-05-27 17:08:00,2015-05-27 15:31:00,2015-05-27 17:13:00,1,0,1.0,5,SUCCESS,,
Washing_Machine_2015-05-28_01,Washing Machine,2015-05-28 00:07:00,2015-05-28 01:50:00,2015-05-28 13:00:00,2015-05-28 14:43:00,1,0,1.0,773,SUCCESS,,
Washing_Machine_2015-05-28_02,Washing Machine,2015-05-28 22:32:00,2015-05-29 00:15:00,2015-05-29 06:00:00,2015-05-29 07:43:00,1,0,1.0,868,SUCCESS,,
Washing_Machine_2015-05-29_01,Washing Machine,2015-05-29 23:07:00,2015-05-29 23:22:00,2015-05-30 13:00:00,2015-05-30 13:15:00,1,0,1.0,833,SUCCESS,,
Washing_Machine_2015-05-29_02,Washing Machine,2015-05-29 23:23:00,2015-05-29 23:29:00,2015-05-30 13:15:00,2015-05-30 13:21:00,1,0,1.0,817,SUCCESS,,
Washing_Machine_2015-05-29_03,Washing Machine,2015-05-29 23:30:00,2015-05-29 23:42:00,2015-05-30 13:21:00,2015-05-30 13:33:00,1,0,1.0,810,SUCCESS,,
Washing_Machine_2015-05-29_04,Washing Machine,2015-05-29 23:43:00,2015-05-29 23:52:00,2015-05-30 13:33:00,2015-05-30 13:42:00,1,0,1.0,797,SUCCESS,,
Washing_Machine_2015-05-29_05,Washing Machine,2015-05-29 23:53:00,2015-05-30 00:00:00,2015-05-30 13:42:00,2015-05-30 13:49:00,1,0,1.0,787,SUCCESS,,
Washing_Machine_2015-05-30_02,Washing Machine,2015-05-30 23:39:00,2015-05-31 01:21:00,2015-05-31 13:00:00,2015-05-31 14:42:00,1,0,1.0,801,SUCCESS,,
Washing_Machine_2015-06-02_01,Washing Machine,2015-06-02 22:47:00,2015-06-03 00:29:00,2015-06-03 13:00:00,2015-06-03 14:42:00,1,0,1.0,853,SUCCESS,,
Washing_Machine_2015-06-04_01,Washing Machine,2015-06-04 00:50:00,2015-06-04 02:35:00,2015-06-04 13:00:00,2015-06-04 14:45:00,0,0,0.1,730,SUCCESS,,
Washing_Machine_2015-06-07_01,Washing Machine,2015-06-07 22:51:00,2015-06-08 00:33:00,2015-06-08 13:00:00,2015-06-08 14:42:00,1,0,1.0,849,SUCCESS,,
Washing_Machine_2015-06-19_01,Washing Machine,2015-06-19 00:04:00,2015-06-19 01:47:00,2015-06-19 13:00:00,2015-06-19 14:43:00,1,0,1.0,776,SUCCESS,,
Washing_Machine_2014-04-23_03,Washing Machine,2014-04-23 20:54:00,2014-04-23 22:37:00,2014-04-23 20:59:00,2014-04-23 22:42:00,0,0,0.1,5,FAILED,No available time slot after collision resolution,
Washing_Machine_2014-09-17_10,Washing Machine,2014-09-17 21:04:00,2014-09-17 22:46:00,2014-09-17 21:09:00,2014-09-17 22:51:00,0,0,0.1,5,FAILED,No available time slot after collision resolution,
