event_id,appliance_name,original_start_time,original_end_time,scheduled_start_time,scheduled_end_time,original_price_level,scheduled_price_level,optimization_score,shift_minutes,schedule_status,failure_reason,season
Washing_Machine_2013-09-20_01,Washing Machine,2013-09-20 07:49:00,2013-09-20 09:29:00,2013-09-20 13:00:00,2013-09-20 14:40:00,1,0,1.0,311,SUCCESS,,
Washing_Machine_2013-09-22_02,Washing Machine,2013-09-22 08:47:00,2013-09-22 08:54:00,2013-09-22 13:00:00,2013-09-22 13:07:00,1,0,1.0,253,SUCCESS,,
Washing_Machine_2013-09-22_03,Washing Machine,2013-09-22 09:05:00,2013-09-22 11:51:00,2013-09-22 13:07:00,2013-09-22 15:53:00,1,0,1.0,235,SUCCESS,,
Washing_Machine_2013-09-22_04,Washing Machine,2013-09-22 17:05:00,2013-09-22 17:13:00,2013-09-22 20:00:00,2013-09-22 20:08:00,1,0,1.0,175,SUCCESS,,
Washing_Machine_2013-09-23_01,Washing Machine,2013-09-23 19:07:00,2013-09-23 21:31:00,2013-09-23 20:00:00,2013-09-23 22:24:00,0,0,0.1,53,SUCCESS,,
Washing_Machine_2013-09-24_01,Washing Machine,2013-09-24 08:19:00,2013-09-24 08:26:00,2013-09-24 13:00:00,2013-09-24 13:07:00,1,0,1.0,281,SUCCESS,,
Washing_Machine_2013-09-25_01,Washing Machine,2013-09-25 13:21:00,2013-09-25 16:17:00,2013-09-25 13:26:00,2013-09-25 16:22:00,0,0,0.1,5,SUCCESS,,
Washing_Machine_2013-09-26_01,Washing Machine,2013-09-26 09:21:00,2013-09-26 11:05:00,2013-09-26 13:00:00,2013-09-26 14:44:00,1,0,1.0,219,SUCCESS,,
Washing_Machine_2013-09-29_01,Washing Machine,2013-09-29 14:50:00,2013-09-29 17:35:00,2013-09-29 14:55:00,2013-09-29 17:40:00,1,0,1.0,5,SUCCESS,,
Washing_Machine_2013-10-01_01,Washing Machine,2013-10-01 18:17:00,2013-10-01 20:47:00,2013-10-01 20:00:00,2013-10-01 22:30:00,1,0,1.0,103,SUCCESS,,
Washing_Machine_2013-10-02_01,Washing Machine,2013-10-02 17:19:00,2013-10-02 19:50:00,2013-10-02 20:00:00,2013-10-02 22:31:00,1,0,1.0,161,SUCCESS,,
Washing_Machine_2013-10-04_01,Washing Machine,2013-10-04 12:55:00,2013-10-04 14:31:00,2013-10-04 13:00:00,2013-10-04 14:36:00,0,0,0.1,5,SUCCESS,,
Washing_Machine_2013-10-06_01,Washing Machine,2013-10-06 15:13:00,2013-10-06 17:37:00,2013-10-06 15:18:00,2013-10-06 17:42:00,1,0,1.0,5,SUCCESS,,
Washing_Machine_2013-10-07_01,Washing Machine,2013-10-07 14:50:00,2013-10-07 17:44:00,2013-10-07 14:55:00,2013-10-07 17:49:00,1,0,1.0,5,SUCCESS,,
Washing_Machine_2013-10-11_01,Washing Machine,2013-10-11 13:10:00,2013-10-11 16:05:00,2013-10-11 13:15:00,2013-10-11 16:10:00,0,0,0.1,5,SUCCESS,,
Washing_Machine_2013-10-13_01,Washing Machine,2013-10-13 17:16:00,2013-10-13 18:49:00,2013-10-13 20:00:00,2013-10-13 21:33:00,1,0,1.0,164,SUCCESS,,
Washing_Machine_2013-10-15_01,Washing Machine,2013-10-15 08:05:00,2013-10-15 09:37:00,2013-10-15 13:00:00,2013-10-15 14:32:00,1,0,1.0,295,SUCCESS,,
Washing_Machine_2013-10-20_01,Washing Machine,2013-10-20 14:57:00,2013-10-20 17:15:00,2013-10-20 15:02:00,2013-10-20 17:20:00,1,0,1.0,5,SUCCESS,,
Washing_Machine_2013-10-21_01,Washing Machine,2013-10-21 07:06:00,2013-10-21 09:33:00,2013-10-21 13:00:00,2013-10-21 15:27:00,1,0,1.0,354,SUCCESS,,
Washing_Machine_2013-10-23_01,Washing Machine,2013-10-23 07:28:00,2013-10-23 09:56:00,2013-10-23 13:00:00,2013-10-23 15:28:00,1,0,1.0,332,SUCCESS,,
Washing_Machine_2013-10-23_02,Washing Machine,2013-10-23 12:44:00,2013-10-23 14:20:00,2013-10-23 20:00:00,2013-10-23 21:36:00,0,0,0.1,16,SUCCESS,,
Washing_Machine_2013-12-26_01,Washing Machine,2013-12-26 15:25:00,2014-02-13 16:08:00,2013-12-27 13:00:00,2014-02-14 13:43:00,0,0,0.1,1295,SUCCESS,,
Washing_Machine_2014-02-17_01,Washing Machine,2014-02-17 22:56:00,2014-02-18 01:50:00,2014-02-18 13:00:00,2014-02-18 15:54:00,1,0,1.0,844,SUCCESS,,
Washing_Machine_2014-02-18_01,Washing Machine,2014-02-18 09:56:00,2014-02-18 13:23:00,2014-02-18 13:00:00,2014-02-18 16:27:00,1,0,1.0,184,SUCCESS,,
Washing_Machine_2014-02-18_02,Washing Machine,2014-02-18 17:52:00,2014-02-18 18:47:00,2014-02-18 20:00:00,2014-02-18 20:55:00,1,0,1.0,128,SUCCESS,,
Washing_Machine_2014-02-20_01,Washing Machine,2014-02-20 20:54:00,2014-02-20 22:49:00,2014-02-20 20:59:00,2014-02-20 22:54:00,0,0,0.1,5,SUCCESS,,
Washing_Machine_2014-02-21_01,Washing Machine,2014-02-21 18:42:00,2014-02-22 16:01:00,2014-02-22 13:00:00,2014-02-23 10:19:00,1,0,1.0,1098,SUCCESS,,
Washing_Machine_2014-02-24_01,Washing Machine,2014-02-24 11:18:00,2014-02-24 12:51:00,2014-02-24 13:00:00,2014-02-24 14:33:00,1,0,1.0,102,SUCCESS,,
Washing_Machine_2014-02-26_01,Washing Machine,2014-02-26 09:38:00,2014-02-26 09:48:00,2014-02-26 13:00:00,2014-02-26 13:10:00,1,0,1.0,202,SUCCESS,,
Washing_Machine_2014-03-02_01,Washing Machine,2014-03-02 16:41:00,2014-03-02 19:26:00,2014-03-02 20:00:00,2014-03-02 22:45:00,1,0,1.0,199,SUCCESS,,
Washing_Machine_2014-03-03_02,Washing Machine,2014-03-03 14:06:00,2014-03-03 16:48:00,2014-03-03 14:11:00,2014-03-03 16:53:00,0,0,0.1,5,SUCCESS,,
Washing_Machine_2014-03-04_01,Washing Machine,2014-03-04 09:28:00,2014-03-04 12:13:00,2014-03-04 13:00:00,2014-03-04 15:45:00,1,0,1.0,212,SUCCESS,,
Washing_Machine_2014-03-07_01,Washing Machine,2014-03-07 08:37:00,2014-03-07 08:45:00,2014-03-07 13:00:00,2014-03-07 13:08:00,1,0,1.0,263,SUCCESS,,
Washing_Machine_2014-03-07_02,Washing Machine,2014-03-07 19:58:00,2014-03-07 21:32:00,2014-03-07 20:03:00,2014-03-07 21:37:00,0,0,0.1,5,SUCCESS,,
Washing_Machine_2014-03-08_01,Washing Machine,2014-03-08 09:22:00,2014-03-08 12:01:00,2014-03-08 13:00:00,2014-03-08 15:39:00,1,0,1.0,218,SUCCESS,,
Washing_Machine_2014-03-09_01,Washing Machine,2014-03-09 06:51:00,2014-03-09 08:21:00,2014-03-09 13:00:00,2014-03-09 14:30:00,1,0,1.0,369,SUCCESS,,
Washing_Machine_2014-03-10_02,Washing Machine,2014-03-10 15:57:00,2014-03-10 17:33:00,2014-03-10 20:00:00,2014-03-10 21:36:00,1,0,1.0,243,SUCCESS,,
Washing_Machine_2014-03-12_01,Washing Machine,2014-03-12 14:38:00,2014-03-12 16:22:00,2014-03-12 14:43:00,2014-03-12 16:27:00,0,0,0.1,5,SUCCESS,,
Washing_Machine_2014-03-14_01,Washing Machine,2014-03-14 10:46:00,2014-03-14 12:27:00,2014-03-14 13:00:00,2014-03-14 14:41:00,1,0,1.0,134,SUCCESS,,
Washing_Machine_2014-03-16_01,Washing Machine,2014-03-16 18:00:00,2014-03-16 19:42:00,2014-03-16 20:00:00,2014-03-16 21:42:00,1,0,1.0,120,SUCCESS,,
Washing_Machine_2014-03-17_01,Washing Machine,2014-03-17 10:13:00,2014-03-17 11:54:00,2014-03-17 13:00:00,2014-03-17 14:41:00,1,0,1.0,167,SUCCESS,,
Washing_Machine_2014-03-18_01,Washing Machine,2014-03-18 16:53:00,2014-03-18 18:19:00,2014-03-18 20:00:00,2014-03-18 21:26:00,1,0,1.0,187,SUCCESS,,
Washing_Machine_2014-03-20_01,Washing Machine,2014-03-20 12:29:00,2014-03-20 15:26:00,2014-03-20 13:00:00,2014-03-20 15:57:00,0,0,0.1,31,SUCCESS,,
Washing_Machine_2014-03-22_01,Washing Machine,2014-03-22 13:26:00,2014-03-22 16:11:00,2014-03-22 13:31:00,2014-03-22 16:16:00,0,0,0.1,5,SUCCESS,,
Washing_Machine_2014-03-23_01,Washing Machine,2014-03-23 17:11:00,2014-03-23 18:54:00,2014-03-23 20:00:00,2014-03-23 21:43:00,1,0,1.0,169,SUCCESS,,
Washing_Machine_2014-03-26_01,Washing Machine,2014-03-26 15:04:00,2014-03-26 17:45:00,2014-03-26 15:09:00,2014-03-26 17:50:00,1,0,1.0,5,SUCCESS,,
Washing_Machine_2014-03-28_01,Washing Machine,2014-03-28 17:13:00,2014-03-28 18:45:00,2014-03-28 20:00:00,2014-03-28 21:32:00,1,0,1.0,167,SUCCESS,,
Washing_Machine_2014-03-29_01,Washing Machine,2014-03-29 19:50:00,2014-03-29 22:43:00,2014-03-29 20:00:00,2014-03-29 22:53:00,0,0,0.1,10,SUCCESS,,
Washing_Machine_2014-03-31_01,Washing Machine,2014-03-31 15:41:00,2014-03-31 18:27:00,2014-03-31 15:46:00,2014-03-31 18:32:00,1,0,1.0,5,SUCCESS,,
Washing_Machine_2014-04-01_01,Washing Machine,2014-04-01 19:19:00,2014-04-01 20:54:00,2014-04-01 20:00:00,2014-04-01 21:35:00,0,0,0.1,41,SUCCESS,,
Washing_Machine_2014-04-02_01,Washing Machine,2014-04-02 06:17:00,2014-04-02 08:12:00,2014-04-02 13:00:00,2014-04-02 14:55:00,1,0,1.0,403,SUCCESS,,
Washing_Machine_2014-04-03_01,Washing Machine,2014-04-03 07:07:00,2014-04-03 07:14:00,2014-04-03 13:00:00,2014-04-03 13:07:00,1,0,1.0,353,SUCCESS,,
Washing_Machine_2014-04-05_01,Washing Machine,2014-04-05 16:40:00,2014-04-05 19:33:00,2014-04-05 20:00:00,2014-04-05 22:53:00,1,0,1.0,200,SUCCESS,,
Washing_Machine_2014-04-07_01,Washing Machine,2014-04-07 18:49:00,2014-04-07 21:36:00,2014-04-07 20:00:00,2014-04-07 22:47:00,0,0,0.1,71,SUCCESS,,
Washing_Machine_2014-04-09_01,Washing Machine,2014-04-09 12:49:00,2014-04-09 14:27:00,2014-04-09 13:00:00,2014-04-09 14:38:00,0,0,0.1,11,SUCCESS,,
Washing_Machine_2014-04-10_01,Washing Machine,2014-04-10 14:28:00,2014-04-10 17:20:00,2014-04-10 14:33:00,2014-04-10 17:25:00,0,0,0.1,5,SUCCESS,,
Washing_Machine_2014-04-12_01,Washing Machine,2014-04-12 06:17:00,2014-04-12 07:27:00,2014-04-12 13:00:00,2014-04-12 14:10:00,1,0,1.0,403,SUCCESS,,
Washing_Machine_2014-04-13_01,Washing Machine,2014-04-13 18:18:00,2014-04-13 19:49:00,2014-04-13 20:00:00,2014-04-13 21:31:00,1,0,1.0,102,SUCCESS,,
Washing_Machine_2014-04-15_01,Washing Machine,2014-04-15 08:19:00,2014-04-15 09:59:00,2014-04-15 13:00:00,2014-04-15 14:40:00,1,0,1.0,281,SUCCESS,,
Washing_Machine_2014-04-15_02,Washing Machine,2014-04-15 17:10:00,2014-04-15 18:49:00,2014-04-15 20:00:00,2014-04-15 21:39:00,1,0,1.0,170,SUCCESS,,
Washing_Machine_2014-04-17_01,Washing Machine,2014-04-17 09:09:00,2014-04-17 10:47:00,2014-04-17 13:00:00,2014-04-17 14:38:00,1,0,1.0,231,SUCCESS,,
Washing_Machine_2014-04-18_01,Washing Machine,2014-04-18 08:55:00,2014-04-18 10:27:00,2014-04-18 13:00:00,2014-04-18 14:32:00,1,0,1.0,245,SUCCESS,,
Washing_Machine_2014-04-21_01,Washing Machine,2014-04-21 19:28:00,2014-04-21 22:17:00,2014-04-21 20:00:00,2014-04-21 22:49:00,0,0,0.1,32,SUCCESS,,
Washing_Machine_2014-04-23_02,Washing Machine,2014-04-23 14:51:00,2014-04-23 16:26:00,2014-04-23 14:56:00,2014-04-23 16:31:00,0,0,0.1,5,SUCCESS,,
Washing_Machine_2014-04-24_01,Washing Machine,2014-04-24 15:26:00,2014-04-24 17:01:00,2014-04-24 15:31:00,2014-04-24 17:06:00,1,0,1.0,5,SUCCESS,,
Washing_Machine_2014-04-24_02,Washing Machine,2014-04-24 17:07:00,2014-04-24 18:39:00,2014-04-24 20:00:00,2014-04-24 21:32:00,1,0,1.0,173,SUCCESS,,
Washing_Machine_2014-04-26_01,Washing Machine,2014-04-26 14:25:00,2014-04-26 17:11:00,2014-04-26 14:30:00,2014-04-26 17:16:00,0,0,0.1,5,SUCCESS,,
Washing_Machine_2014-04-26_02,Washing Machine,2014-04-26 17:42:00,2014-04-26 18:56:00,2014-04-26 20:00:00,2014-04-26 21:14:00,1,0,1.0,138,SUCCESS,,
Washing_Machine_2014-04-30_01,Washing Machine,2014-04-30 19:23:00,2014-04-30 22:07:00,2014-04-30 20:00:00,2014-04-30 22:44:00,0,0,0.1,37,SUCCESS,,
Washing_Machine_2014-05-02_01,Washing Machine,2014-05-02 18:45:00,2014-05-02 20:21:00,2014-05-02 20:00:00,2014-05-02 21:36:00,1,0,1.0,75,SUCCESS,,
Washing_Machine_2014-05-03_01,Washing Machine,2014-05-03 09:45:00,2014-05-03 12:32:00,2014-05-03 13:00:00,2014-05-03 15:47:00,1,0,1.0,195,SUCCESS,,
Washing_Machine_2014-05-04_01,Washing Machine,2014-05-04 09:12:00,2014-05-04 11:23:00,2014-05-04 13:00:00,2014-05-04 15:11:00,1,0,1.0,228,SUCCESS,,
Washing_Machine_2014-05-05_01,Washing Machine,2014-05-05 07:31:00,2014-05-05 09:05:00,2014-05-05 13:00:00,2014-05-05 14:34:00,1,0,1.0,329,SUCCESS,,
Washing_Machine_2014-05-08_02,Washing Machine,2014-05-08 16:58:00,2014-05-08 17:08:00,2014-05-08 20:00:00,2014-05-08 20:10:00,1,0,1.0,182,SUCCESS,,
Washing_Machine_2014-05-09_01,Washing Machine,2014-05-09 08:29:00,2014-05-09 10:08:00,2014-05-09 13:00:00,2014-05-09 14:39:00,1,0,1.0,271,SUCCESS,,
Washing_Machine_2014-05-11_01,Washing Machine,2014-05-11 14:51:00,2014-05-11 17:50:00,2014-05-11 14:56:00,2014-05-11 17:55:00,1,0,1.0,5,SUCCESS,,
Washing_Machine_2014-05-13_01,Washing Machine,2014-05-13 15:14:00,2014-05-13 16:47:00,2014-05-13 15:19:00,2014-05-13 16:52:00,1,0,1.0,5,SUCCESS,,
Washing_Machine_2014-05-15_01,Washing Machine,2014-05-15 10:44:00,2014-05-15 12:18:00,2014-05-15 13:00:00,2014-05-15 14:34:00,1,0,1.0,136,SUCCESS,,
Washing_Machine_2014-05-18_01,Washing Machine,2014-05-18 08:49:00,2014-05-18 10:23:00,2014-05-18 13:00:00,2014-05-18 14:34:00,1,0,1.0,251,SUCCESS,,
Washing_Machine_2014-05-18_02,Washing Machine,2014-05-18 11:14:00,2014-05-18 12:13:00,2014-05-18 14:34:00,2014-05-18 15:33:00,1,0,1.0,106,SUCCESS,,
Washing_Machine_2014-05-21_01,Washing Machine,2014-05-21 06:56:00,2014-05-21 08:38:00,2014-05-21 13:00:00,2014-05-21 14:42:00,1,0,1.0,364,SUCCESS,,
Washing_Machine_2014-05-23_01,Washing Machine,2014-05-23 11:17:00,2014-05-23 13:03:00,2014-05-23 13:00:00,2014-05-23 14:46:00,1,0,1.0,103,SUCCESS,,
Washing_Machine_2014-05-24_01,Washing Machine,2014-05-24 09:07:00,2014-05-24 10:38:00,2014-05-24 13:00:00,2014-05-24 14:31:00,1,0,1.0,233,SUCCESS,,
Washing_Machine_2014-05-26_01,Washing Machine,2014-05-26 17:58:00,2014-05-26 19:45:00,2014-05-26 20:00:00,2014-05-26 21:47:00,1,0,1.0,122,SUCCESS,,
Washing_Machine_2014-05-31_01,Washing Machine,2014-05-31 08:05:00,2014-05-31 09:38:00,2014-05-31 13:00:00,2014-05-31 14:33:00,1,0,1.0,295,SUCCESS,,
Washing_Machine_2014-06-03_01,Washing Machine,2014-06-03 09:01:00,2014-06-03 11:52:00,2014-06-03 13:00:00,2014-06-03 15:51:00,1,0,1.0,239,SUCCESS,,
Washing_Machine_2014-06-03_02,Washing Machine,2014-06-03 12:10:00,2014-06-03 12:17:00,2014-06-03 15:51:00,2014-06-03 15:58:00,1,0,1.0,50,SUCCESS,,
Washing_Machine_2014-06-05_01,Washing Machine,2014-06-05 08:25:00,2014-06-05 10:08:00,2014-06-05 13:00:00,2014-06-05 14:43:00,1,0,1.0,275,SUCCESS,,
Washing_Machine_2014-06-06_01,Washing Machine,2014-06-06 09:12:00,2014-06-06 10:49:00,2014-06-06 13:00:00,2014-06-06 14:37:00,1,0,1.0,228,SUCCESS,,
Washing_Machine_2014-06-08_01,Washing Machine,2014-06-08 21:49:00,2014-06-08 23:45:00,2014-06-09 13:00:00,2014-06-09 14:56:00,1,0,1.0,911,SUCCESS,,
Washing_Machine_2014-06-09_01,Washing Machine,2014-06-09 07:44:00,2014-06-09 09:03:00,2014-06-09 13:00:00,2014-06-09 14:19:00,1,0,1.0,316,SUCCESS,,
Washing_Machine_2014-06-10_01,Washing Machine,2014-06-10 14:36:00,2014-06-10 16:12:00,2014-06-10 14:41:00,2014-06-10 16:17:00,0,0,0.1,5,SUCCESS,,
Washing_Machine_2014-06-12_01,Washing Machine,2014-06-12 10:44:00,2014-06-12 12:20:00,2014-06-12 13:00:00,2014-06-12 14:36:00,1,0,1.0,136,SUCCESS,,
Washing_Machine_2014-06-13_01,Washing Machine,2014-06-13 10:04:00,2014-06-13 11:44:00,2014-06-13 13:00:00,2014-06-13 14:40:00,1,0,1.0,176,SUCCESS,,
Washing_Machine_2014-06-13_02,Washing Machine,2014-06-13 17:43:00,2014-06-13 17:50:00,2014-06-13 20:00:00,2014-06-13 20:07:00,1,0,1.0,137,SUCCESS,,
Washing_Machine_2014-06-14_01,Washing Machine,2014-06-14 17:00:00,2014-06-14 18:48:00,2014-06-14 20:00:00,2014-06-14 21:48:00,1,0,1.0,180,SUCCESS,,
Washing_Machine_2014-06-15_01,Washing Machine,2014-06-15 16:39:00,2014-06-15 16:45:00,2014-06-15 20:00:00,2014-06-15 20:06:00,1,0,1.0,201,SUCCESS,,
Washing_Machine_2014-06-16_01,Washing Machine,2014-06-16 07:53:00,2014-06-16 09:46:00,2014-06-16 13:00:00,2014-06-16 14:53:00,1,0,1.0,307,SUCCESS,,
Washing_Machine_2014-06-17_01,Washing Machine,2014-06-17 06:52:00,2014-06-17 08:36:00,2014-06-17 13:00:00,2014-06-17 14:44:00,1,0,1.0,368,SUCCESS,,
Washing_Machine_2014-06-17_02,Washing Machine,2014-06-17 09:08:00,2014-06-17 11:10:00,2014-06-17 09:13:00,2014-06-17 11:15:00,1,0,1.0,232,SUCCESS,,
Washing_Machine_2014-06-17_03,Washing Machine,2014-06-17 16:06:00,2014-06-17 16:19:00,2014-06-17 20:00:00,2014-06-17 20:13:00,1,0,1.0,234,SUCCESS,,
Washing_Machine_2014-06-19_01,Washing Machine,2014-06-19 11:03:00,2014-06-19 12:29:00,2014-06-19 13:00:00,2014-06-19 14:26:00,1,0,1.0,117,SUCCESS,,
Washing_Machine_2014-06-21_01,Washing Machine,2014-06-21 08:27:00,2014-06-21 10:03:00,2014-06-21 13:00:00,2014-06-21 14:36:00,1,0,1.0,273,SUCCESS,,
Washing_Machine_2014-06-23_01,Washing Machine,2014-06-23 06:47:00,2014-06-23 08:24:00,2014-06-23 13:00:00,2014-06-23 14:37:00,1,0,1.0,373,SUCCESS,,
Washing_Machine_2014-06-24_01,Washing Machine,2014-06-24 08:02:00,2014-06-24 09:36:00,2014-06-24 13:00:00,2014-06-24 14:34:00,1,0,1.0,298,SUCCESS,,
Washing_Machine_2014-06-26_01,Washing Machine,2014-06-26 07:08:00,2014-06-26 08:41:00,2014-06-26 13:00:00,2014-06-26 14:33:00,1,0,1.0,352,SUCCESS,,
Washing_Machine_2014-06-26_02,Washing Machine,2014-06-26 11:08:00,2014-06-26 12:47:00,2014-06-26 20:00:00,2014-06-26 21:39:00,1,0,1.0,112,SUCCESS,,
Washing_Machine_2014-06-29_01,Washing Machine,2014-06-29 11:34:00,2014-06-29 12:54:00,2014-06-29 13:00:00,2014-06-29 14:20:00,1,0,1.0,86,SUCCESS,,
Washing_Machine_2014-06-30_01,Washing Machine,2014-06-30 06:55:00,2014-06-30 08:46:00,2014-06-30 13:00:00,2014-06-30 14:51:00,1,0,1.0,365,SUCCESS,,
Washing_Machine_2014-06-30_02,Washing Machine,2014-06-30 08:48:00,2014-06-30 10:24:00,2014-06-30 20:00:00,2014-06-30 21:36:00,1,0,1.0,252,SUCCESS,,
Washing_Machine_2014-07-03_01,Washing Machine,2014-07-03 10:53:00,2014-07-03 12:31:00,2014-07-03 13:00:00,2014-07-03 14:38:00,1,0,1.0,127,SUCCESS,,
Washing_Machine_2014-07-03_02,Washing Machine,2014-07-03 12:34:00,2014-07-03 14:26:00,2014-07-03 20:00:00,2014-07-03 21:52:00,0,0,0.1,26,SUCCESS,,
Washing_Machine_2014-07-04_01,Washing Machine,2014-07-04 17:11:00,2014-07-04 19:05:00,2014-07-04 20:00:00,2014-07-04 21:54:00,1,0,1.0,169,SUCCESS,,
Washing_Machine_2014-07-06_01,Washing Machine,2014-07-06 19:56:00,2014-07-06 21:42:00,2014-07-06 20:01:00,2014-07-06 21:47:00,0,0,0.1,5,SUCCESS,,
Washing_Machine_2014-07-07_01,Washing Machine,2014-07-07 08:32:00,2014-07-07 09:15:00,2014-07-07 13:00:00,2014-07-07 13:43:00,1,0,1.0,268,SUCCESS,,
Washing_Machine_2014-07-08_01,Washing Machine,2014-07-08 19:15:00,2014-07-08 20:50:00,2014-07-08 20:00:00,2014-07-08 21:35:00,0,0,0.1,45,SUCCESS,,
Washing_Machine_2014-07-10_01,Washing Machine,2014-07-10 17:14:00,2014-07-10 19:02:00,2014-07-10 20:00:00,2014-07-10 21:48:00,1,0,1.0,166,SUCCESS,,
Washing_Machine_2014-07-13_01,Washing Machine,2014-07-13 07:29:00,2014-07-13 09:14:00,2014-07-13 13:00:00,2014-07-13 14:45:00,1,0,1.0,331,SUCCESS,,
Washing_Machine_2014-07-13_02,Washing Machine,2014-07-13 09:21:00,2014-07-13 11:36:00,2014-07-13 09:26:00,2014-07-13 11:41:00,1,0,1.0,219,SUCCESS,,
Washing_Machine_2014-07-15_01,Washing Machine,2014-07-15 08:09:00,2014-07-15 09:50:00,2014-07-15 13:00:00,2014-07-15 14:41:00,1,0,1.0,291,SUCCESS,,
Washing_Machine_2014-07-15_02,Washing Machine,2014-07-15 12:57:00,2014-07-15 14:32:00,2014-07-15 20:00:00,2014-07-15 21:35:00,0,0,0.1,5,SUCCESS,,
Washing_Machine_2014-07-17_01,Washing Machine,2014-07-17 17:13:00,2014-07-17 18:45:00,2014-07-17 20:00:00,2014-07-17 21:32:00,1,0,1.0,167,SUCCESS,,
Washing_Machine_2014-07-21_01,Washing Machine,2014-07-21 07:57:00,2014-07-21 09:30:00,2014-07-21 13:00:00,2014-07-21 14:33:00,1,0,1.0,303,SUCCESS,,
Washing_Machine_2014-07-21_02,Washing Machine,2014-07-21 09:52:00,2014-07-21 11:47:00,2014-07-21 20:00:00,2014-07-21 21:55:00,1,0,1.0,188,SUCCESS,,
Washing_Machine_2014-07-22_01,Washing Machine,2014-07-22 15:30:00,2014-07-22 17:01:00,2014-07-22 15:35:00,2014-07-22 17:06:00,1,0,1.0,5,SUCCESS,,
Washing_Machine_2014-07-23_01,Washing Machine,2014-07-23 07:22:00,2014-07-23 09:04:00,2014-07-23 13:00:00,2014-07-23 14:42:00,1,0,1.0,338,SUCCESS,,
Washing_Machine_2014-07-23_02,Washing Machine,2014-07-23 09:08:00,2014-07-23 10:39:00,2014-07-23 20:00:00,2014-07-23 21:31:00,1,0,1.0,232,SUCCESS,,
Washing_Machine_2014-07-24_01,Washing Machine,2014-07-24 18:50:00,2014-07-24 20:36:00,2014-07-24 20:00:00,2014-07-24 21:46:00,1,0,1.0,70,SUCCESS,,
Washing_Machine_2014-07-25_01,Washing Machine,2014-07-25 18:51:00,2014-07-25 20:51:00,2014-07-25 20:00:00,2014-07-25 22:00:00,1,0,1.0,69,SUCCESS,,
Washing_Machine_2014-08-02_01,Washing Machine,2014-08-02 17:09:00,2014-08-02 18:52:00,2014-08-02 20:00:00,2014-08-02 21:43:00,1,0,1.0,171,SUCCESS,,
Washing_Machine_2014-08-02_02,Washing Machine,2014-08-02 19:03:00,2014-08-02 20:47:00,2014-08-03 06:00:00,2014-08-03 07:44:00,1,0,1.0,57,SUCCESS,,
Washing_Machine_2014-08-03_01,Washing Machine,2014-08-03 06:14:00,2014-08-03 08:09:00,2014-08-03 13:00:00,2014-08-03 14:55:00,1,0,1.0,406,SUCCESS,,
Washing_Machine_2014-08-03_02,Washing Machine,2014-08-03 11:54:00,2014-08-03 13:25:00,2014-08-03 20:00:00,2014-08-03 21:31:00,1,0,1.0,66,SUCCESS,,
Washing_Machine_2014-08-04_01,Washing Machine,2014-08-04 20:34:00,2014-08-04 22:10:00,2014-08-04 20:39:00,2014-08-04 22:15:00,0,0,0.1,5,SUCCESS,,
Washing_Machine_2014-08-09_01,Washing Machine,2014-08-09 08:17:00,2014-08-09 09:46:00,2014-08-09 13:00:00,2014-08-09 14:29:00,1,0,1.0,283,SUCCESS,,
Washing_Machine_2014-08-09_02,Washing Machine,2014-08-09 09:48:00,2014-08-09 11:30:00,2014-08-09 20:00:00,2014-08-09 21:42:00,1,0,1.0,192,SUCCESS,,
Washing_Machine_2014-08-10_01,Washing Machine,2014-08-10 06:16:00,2014-08-10 07:58:00,2014-08-10 13:00:00,2014-08-10 14:42:00,1,0,1.0,404,SUCCESS,,
Washing_Machine_2014-08-11_01,Washing Machine,2014-08-11 06:41:00,2014-08-11 09:48:00,2014-08-11 13:00:00,2014-08-11 16:07:00,1,0,1.0,379,SUCCESS,,
Washing_Machine_2014-08-13_02,Washing Machine,2014-08-13 07:22:00,2014-08-13 09:16:00,2014-08-13 13:00:00,2014-08-13 14:54:00,1,0,1.0,338,SUCCESS,,
Washing_Machine_2014-08-14_01,Washing Machine,2014-08-14 15:15:00,2014-08-14 16:55:00,2014-08-14 15:20:00,2014-08-14 17:00:00,1,0,1.0,5,SUCCESS,,
Washing_Machine_2014-08-16_01,Washing Machine,2014-08-16 06:21:00,2014-08-16 08:12:00,2014-08-16 13:00:00,2014-08-16 14:51:00,1,0,1.0,399,SUCCESS,,
Washing_Machine_2014-08-17_02,Washing Machine,2014-08-17 16:38:00,2014-08-17 18:17:00,2014-08-17 20:00:00,2014-08-17 21:39:00,1,0,1.0,202,SUCCESS,,
Washing_Machine_2014-08-18_01,Washing Machine,2014-08-18 09:53:00,2014-08-18 11:26:00,2014-08-18 13:00:00,2014-08-18 14:33:00,1,0,1.0,187,SUCCESS,,
Washing_Machine_2014-08-19_01,Washing Machine,2014-08-19 12:07:00,2014-08-19 13:40:00,2014-08-19 13:00:00,2014-08-19 14:33:00,1,0,1.0,53,SUCCESS,,
Washing_Machine_2014-08-20_01,Washing Machine,2014-08-20 17:14:00,2014-08-20 18:46:00,2014-08-20 20:00:00,2014-08-20 21:32:00,1,0,1.0,166,SUCCESS,,
Washing_Machine_2014-08-21_01,Washing Machine,2014-08-21 08:20:00,2014-08-21 10:10:00,2014-08-21 13:00:00,2014-08-21 14:50:00,1,0,1.0,280,SUCCESS,,
Washing_Machine_2014-08-21_02,Washing Machine,2014-08-21 10:31:00,2014-08-21 12:01:00,2014-08-21 20:00:00,2014-08-21 21:30:00,1,0,1.0,149,SUCCESS,,
Washing_Machine_2014-09-01_01,Washing Machine,2014-09-01 14:38:00,2014-09-01 16:40:00,2014-09-01 14:43:00,2014-09-01 16:45:00,0,0,0.1,5,SUCCESS,,
Washing_Machine_2014-09-01_02,Washing Machine,2014-09-01 16:54:00,2014-09-01 18:43:00,2014-09-01 20:00:00,2014-09-01 21:49:00,1,0,1.0,186,SUCCESS,,
Washing_Machine_2014-09-02_01,Washing Machine,2014-09-02 08:08:00,2014-09-02 09:48:00,2014-09-02 13:00:00,2014-09-02 14:40:00,1,0,1.0,292,SUCCESS,,
Washing_Machine_2014-09-02_02,Washing Machine,2014-09-02 10:50:00,2014-09-02 12:34:00,2014-09-02 20:00:00,2014-09-02 21:44:00,1,0,1.0,130,SUCCESS,,
Washing_Machine_2014-09-03_01,Washing Machine,2014-09-03 15:16:00,2014-09-03 17:04:00,2014-09-03 15:21:00,2014-09-03 17:09:00,1,0,1.0,5,SUCCESS,,
Washing_Machine_2014-09-03_02,Washing Machine,2014-09-03 18:20:00,2014-09-03 18:26:00,2014-09-03 20:00:00,2014-09-03 20:06:00,1,0,1.0,100,SUCCESS,,
Washing_Machine_2014-09-04_01,Washing Machine,2014-09-04 10:56:00,2014-09-04 12:11:00,2014-09-04 13:00:00,2014-09-04 14:15:00,1,0,1.0,124,SUCCESS,,
Washing_Machine_2014-09-05_01,Washing Machine,2014-09-05 07:07:00,2014-09-05 08:52:00,2014-09-05 13:00:00,2014-09-05 14:45:00,1,0,1.0,353,SUCCESS,,
Washing_Machine_2014-09-05_02,Washing Machine,2014-09-05 09:36:00,2014-09-05 11:16:00,2014-09-05 20:00:00,2014-09-05 21:40:00,1,0,1.0,204,SUCCESS,,
Washing_Machine_2014-09-07_02,Washing Machine,2014-09-07 16:02:00,2014-09-07 16:13:00,2014-09-07 20:00:00,2014-09-07 20:11:00,1,0,1.0,238,SUCCESS,,
Washing_Machine_2014-09-09_01,Washing Machine,2014-09-09 08:27:00,2014-09-09 10:14:00,2014-09-09 13:00:00,2014-09-09 14:47:00,1,0,1.0,273,SUCCESS,,
Washing_Machine_2014-09-09_02,Washing Machine,2014-09-09 16:08:00,2014-09-09 16:14:00,2014-09-09 20:00:00,2014-09-09 20:06:00,1,0,1.0,232,SUCCESS,,
Washing_Machine_2014-09-10_01,Washing Machine,2014-09-10 11:51:00,2014-09-10 13:40:00,2014-09-10 13:00:00,2014-09-10 14:49:00,1,0,1.0,69,SUCCESS,,
Washing_Machine_2014-09-12_01,Washing Machine,2014-09-12 09:16:00,2014-09-12 10:59:00,2014-09-12 13:00:00,2014-09-12 14:43:00,1,0,1.0,224,SUCCESS,,
Washing_Machine_2014-09-15_01,Washing Machine,2014-09-15 10:50:00,2014-09-15 12:38:00,2014-09-15 13:00:00,2014-09-15 14:48:00,1,0,1.0,130,SUCCESS,,
Washing_Machine_2014-09-16_01,Washing Machine,2014-09-16 15:18:00,2014-09-16 17:18:00,2014-09-16 15:23:00,2014-09-16 17:23:00,1,0,1.0,5,SUCCESS,,
Washing_Machine_2014-09-17_02,Washing Machine,2014-09-17 14:39:00,2014-09-17 16:20:00,2014-09-17 14:44:00,2014-09-17 16:25:00,0,0,0.1,5,SUCCESS,,
Washing_Machine_2014-09-18_01,Washing Machine,2014-09-18 05:58:00,2014-09-18 07:38:00,2014-09-18 13:00:00,2014-09-18 14:40:00,1,0,1.0,422,SUCCESS,,
Washing_Machine_2014-09-19_01,Washing Machine,2014-09-19 11:19:00,2014-09-19 12:57:00,2014-09-19 13:00:00,2014-09-19 14:38:00,1,0,1.0,101,SUCCESS,,
Washing_Machine_2014-09-20_02,Washing Machine,2014-09-20 10:40:00,2014-09-20 12:18:00,2014-09-20 13:00:00,2014-09-20 14:38:00,1,0,1.0,140,SUCCESS,,
Washing_Machine_2014-09-23_01,Washing Machine,2014-09-23 06:47:00,2014-09-23 08:39:00,2014-09-23 13:00:00,2014-09-23 14:52:00,1,0,1.0,373,SUCCESS,,
Washing_Machine_2014-09-24_01,Washing Machine,2014-09-24 15:58:00,2014-09-24 17:17:00,2014-09-24 20:00:00,2014-09-24 21:19:00,1,0,1.0,242,SUCCESS,,
Washing_Machine_2014-09-26_01,Washing Machine,2014-09-26 05:45:00,2014-09-26 07:29:00,2014-09-26 13:00:00,2014-09-26 14:44:00,1,0,1.0,435,SUCCESS,,
Washing_Machine_2014-09-26_02,Washing Machine,2014-09-26 11:27:00,2014-09-26 13:17:00,2014-09-26 20:00:00,2014-09-26 21:50:00,1,0,1.0,93,SUCCESS,,
Washing_Machine_2014-09-28_01,Washing Machine,2014-09-28 08:14:00,2014-09-28 10:00:00,2014-09-28 13:00:00,2014-09-28 14:46:00,1,0,1.0,286,SUCCESS,,
Washing_Machine_2014-09-28_02,Washing Machine,2014-09-28 16:14:00,2014-09-28 18:03:00,2014-09-28 20:00:00,2014-09-28 21:49:00,1,0,1.0,226,SUCCESS,,
Washing_Machine_2014-10-01_02,Washing Machine,2014-10-01 15:45:00,2014-10-01 17:29:00,2014-10-01 15:50:00,2014-10-01 17:34:00,1,0,1.0,5,SUCCESS,,
Washing_Machine_2014-10-03_01,Washing Machine,2014-10-03 09:06:00,2014-10-03 10:39:00,2014-10-03 13:00:00,2014-10-03 14:33:00,1,0,1.0,234,SUCCESS,,
Washing_Machine_2014-10-07_01,Washing Machine,2014-10-07 08:08:00,2014-10-07 09:52:00,2014-10-07 13:00:00,2014-10-07 14:44:00,1,0,1.0,292,SUCCESS,,
Washing_Machine_2014-10-07_02,Washing Machine,2014-10-07 18:30:00,2014-10-07 18:37:00,2014-10-07 20:00:00,2014-10-07 20:07:00,1,0,1.0,90,SUCCESS,,
Washing_Machine_2014-10-09_01,Washing Machine,2014-10-09 12:53:00,2014-10-09 14:48:00,2014-10-09 13:00:00,2014-10-09 14:55:00,0,0,0.1,7,SUCCESS,,
Washing_Machine_2014-10-09_02,Washing Machine,2014-10-09 14:54:00,2014-10-09 16:39:00,2014-10-09 20:00:00,2014-10-09 21:45:00,0,0,0.1,5,SUCCESS,,
Washing_Machine_2014-10-11_01,Washing Machine,2014-10-11 15:16:00,2014-10-11 17:21:00,2014-10-11 15:21:00,2014-10-11 17:26:00,1,0,1.0,5,SUCCESS,,
Washing_Machine_2014-10-11_02,Washing Machine,2014-10-11 17:54:00,2014-10-11 19:31:00,2014-10-11 20:00:00,2014-10-11 21:37:00,1,0,1.0,126,SUCCESS,,
Washing_Machine_2014-10-15_01,Washing Machine,2014-10-15 08:24:00,2014-10-15 09:26:00,2014-10-15 13:00:00,2014-10-15 14:02:00,1,0,1.0,276,SUCCESS,,
Washing_Machine_2014-10-16_01,Washing Machine,2014-10-16 08:25:00,2014-10-16 10:05:00,2014-10-16 13:00:00,2014-10-16 14:40:00,1,0,1.0,275,SUCCESS,,
Washing_Machine_2014-10-16_02,Washing Machine,2014-10-16 14:38:00,2014-10-16 16:29:00,2014-10-16 20:00:00,2014-10-16 21:51:00,0,0,0.1,5,SUCCESS,,
Washing_Machine_2014-10-20_01,Washing Machine,2014-10-20 09:03:00,2014-10-20 10:44:00,2014-10-20 13:00:00,2014-10-20 14:41:00,1,0,1.0,237,SUCCESS,,
Washing_Machine_2014-10-22_01,Washing Machine,2014-10-22 10:01:00,2014-10-22 12:15:00,2014-10-22 13:00:00,2014-10-22 15:14:00,1,0,1.0,179,SUCCESS,,
Washing_Machine_2014-10-22_02,Washing Machine,2014-10-22 12:54:00,2014-10-22 14:42:00,2014-10-22 20:00:00,2014-10-22 21:48:00,0,0,0.1,6,SUCCESS,,
Washing_Machine_2014-10-25_01,Washing Machine,2014-10-25 08:30:00,2014-10-25 10:17:00,2014-10-25 13:00:00,2014-10-25 14:47:00,1,0,1.0,270,SUCCESS,,
Washing_Machine_2014-10-25_02,Washing Machine,2014-10-25 10:29:00,2014-10-25 12:13:00,2014-10-25 20:00:00,2014-10-25 21:44:00,1,0,1.0,151,SUCCESS,,
Washing_Machine_2014-10-26_01,Washing Machine,2014-10-26 14:18:00,2014-10-26 16:13:00,2014-10-26 14:23:00,2014-10-26 16:18:00,0,0,0.1,5,SUCCESS,,
Washing_Machine_2014-10-26_02,Washing Machine,2014-10-26 16:32:00,2014-10-26 18:16:00,2014-10-26 20:00:00,2014-10-26 21:44:00,1,0,1.0,208,SUCCESS,,
Washing_Machine_2014-10-30_01,Washing Machine,2014-10-30 18:36:00,2014-10-30 20:20:00,2014-10-30 20:00:00,2014-10-30 21:44:00,1,0,1.0,84,SUCCESS,,
Washing_Machine_2014-11-01_01,Washing Machine,2014-11-01 13:21:00,2014-11-05 17:53:00,2014-11-02 13:00:00,2014-11-06 17:32:00,0,0,0.1,1419,SUCCESS,,
Washing_Machine_2014-11-10_02,Washing Machine,2014-11-10 15:18:00,2014-11-10 16:29:00,2014-11-10 15:23:00,2014-11-10 16:34:00,0,0,0.1,5,SUCCESS,,
Washing_Machine_2014-11-11_01,Washing Machine,2014-11-11 10:36:00,2014-11-11 12:24:00,2014-11-11 13:00:00,2014-11-11 14:48:00,1,0,1.0,144,SUCCESS,,
Washing_Machine_2014-11-13_01,Washing Machine,2014-11-13 08:38:00,2014-11-13 10:15:00,2014-11-13 13:00:00,2014-11-13 14:37:00,1,0,1.0,262,SUCCESS,,
Washing_Machine_2014-11-16_01,Washing Machine,2014-11-16 08:33:00,2014-11-16 08:40:00,2014-11-16 13:00:00,2014-11-16 13:07:00,1,0,1.0,267,SUCCESS,,
Washing_Machine_2014-11-16_02,Washing Machine,2014-11-16 17:07:00,2014-11-16 18:51:00,2014-11-16 20:00:00,2014-11-16 21:44:00,1,0,1.0,173,SUCCESS,,
Washing_Machine_2014-11-17_01,Washing Machine,2014-11-17 12:38:00,2014-11-17 14:11:00,2014-11-17 13:00:00,2014-11-17 14:33:00,0,0,0.1,22,SUCCESS,,
Washing_Machine_2014-11-17_03,Washing Machine,2014-11-17 16:31:00,2014-11-17 17:46:00,2014-11-17 20:00:00,2014-11-17 21:15:00,1,0,1.0,209,SUCCESS,,
Washing_Machine_2014-11-18_01,Washing Machine,2014-11-18 09:16:00,2014-11-18 11:08:00,2014-11-18 13:00:00,2014-11-18 14:52:00,1,0,1.0,224,SUCCESS,,
Washing_Machine_2014-11-20_02,Washing Machine,2014-11-20 18:04:00,2014-11-20 19:48:00,2014-11-20 20:00:00,2014-11-20 21:44:00,1,0,1.0,116,SUCCESS,,
Washing_Machine_2014-11-22_01,Washing Machine,2014-11-22 10:39:00,2014-11-22 12:27:00,2014-11-22 13:00:00,2014-11-22 14:48:00,1,0,1.0,141,SUCCESS,,
Washing_Machine_2014-11-23_01,Washing Machine,2014-11-23 08:06:00,2014-11-23 09:55:00,2014-11-23 13:00:00,2014-11-23 14:49:00,1,0,1.0,294,SUCCESS,,
Washing_Machine_2014-11-25_01,Washing Machine,2014-11-25 09:13:00,2014-11-25 10:59:00,2014-11-25 13:00:00,2014-11-25 14:46:00,1,0,1.0,227,SUCCESS,,
Washing_Machine_2014-11-25_02,Washing Machine,2014-11-25 15:49:00,2014-11-25 17:03:00,2014-11-25 20:00:00,2014-11-25 21:14:00,1,0,1.0,5,SUCCESS,,
Washing_Machine_2014-11-26_01,Washing Machine,2014-11-26 07:59:00,2014-11-26 09:26:00,2014-11-26 13:00:00,2014-11-26 14:27:00,1,0,1.0,301,SUCCESS,,
Washing_Machine_2014-11-27_01,Washing Machine,2014-11-27 11:24:00,2014-11-27 13:03:00,2014-11-27 13:00:00,2014-11-27 14:39:00,1,0,1.0,96,SUCCESS,,
Washing_Machine_2014-11-29_01,Washing Machine,2014-11-29 15:04:00,2014-11-29 16:48:00,2014-11-29 15:09:00,2014-11-29 16:53:00,0,0,0.1,5,SUCCESS,,
Washing_Machine_2014-12-01_01,Washing Machine,2014-12-01 17:50:00,2014-12-01 19:38:00,2014-12-01 20:00:00,2014-12-01 21:48:00,1,0,1.0,130,SUCCESS,,
Washing_Machine_2014-12-05_01,Washing Machine,2014-12-05 09:17:00,2014-12-05 10:05:00,2014-12-05 13:00:00,2014-12-05 13:48:00,1,0,1.0,223,SUCCESS,,
Washing_Machine_2014-12-11_01,Washing Machine,2014-12-11 14:13:00,2014-12-11 16:04:00,2014-12-11 14:18:00,2014-12-11 16:09:00,0,0,0.1,5,SUCCESS,,
Washing_Machine_2014-12-12_01,Washing Machine,2014-12-12 19:46:00,2014-12-12 21:30:00,2014-12-12 20:00:00,2014-12-12 21:44:00,0,0,0.1,14,SUCCESS,,
Washing_Machine_2014-12-15_01,Washing Machine,2014-12-15 08:22:00,2014-12-15 10:04:00,2014-12-15 13:00:00,2014-12-15 14:42:00,1,0,1.0,278,SUCCESS,,
Washing_Machine_2014-12-16_01,Washing Machine,2014-12-16 07:56:00,2014-12-16 09:39:00,2014-12-16 13:00:00,2014-12-16 14:43:00,1,0,1.0,304,SUCCESS,,
Washing_Machine_2014-12-16_02,Washing Machine,2014-12-16 15:55:00,2014-12-16 17:41:00,2014-12-16 20:00:00,2014-12-16 21:46:00,1,0,1.0,245,SUCCESS,,
Washing_Machine_2014-12-19_01,Washing Machine,2014-12-19 10:50:00,2014-12-19 12:36:00,2014-12-19 13:00:00,2014-12-19 14:46:00,1,0,1.0,130,SUCCESS,,
Washing_Machine_2014-12-19_02,Washing Machine,2014-12-19 17:43:00,2014-12-19 17:51:00,2014-12-19 20:00:00,2014-12-19 20:08:00,1,0,1.0,137,SUCCESS,,
Washing_Machine_2014-12-22_01,Washing Machine,2014-12-22 15:21:00,2014-12-22 17:08:00,2014-12-22 15:26:00,2014-12-22 17:13:00,1,0,1.0,5,SUCCESS,,
Washing_Machine_2014-12-23_01,Washing Machine,2014-12-23 10:11:00,2014-12-23 12:03:00,2014-12-23 13:00:00,2014-12-23 14:52:00,1,0,1.0,169,SUCCESS,,
Washing_Machine_2014-12-25_01,Washing Machine,2014-12-25 19:38:00,2014-12-25 21:24:00,2014-12-25 20:00:00,2014-12-25 21:46:00,0,0,0.1,22,SUCCESS,,
Washing_Machine_2014-12-27_01,Washing Machine,2014-12-27 08:04:00,2014-12-27 08:42:00,2014-12-27 13:00:00,2014-12-27 13:38:00,1,0,1.0,296,SUCCESS,,
Washing_Machine_2014-12-27_02,Washing Machine,2014-12-27 18:34:00,2014-12-27 18:40:00,2014-12-27 20:00:00,2014-12-27 20:06:00,1,0,1.0,86,SUCCESS,,
Washing_Machine_2014-12-27_03,Washing Machine,2014-12-27 18:43:00,2014-12-27 18:51:00,2014-12-27 20:06:00,2014-12-27 20:14:00,1,0,1.0,77,SUCCESS,,
Washing_Machine_2014-12-28_01,Washing Machine,2014-12-28 11:34:00,2014-12-28 13:20:00,2014-12-28 13:00:00,2014-12-28 14:46:00,1,0,1.0,86,SUCCESS,,
Washing_Machine_2014-12-29_01,Washing Machine,2014-12-29 19:16:00,2014-12-29 20:52:00,2014-12-29 20:00:00,2014-12-29 21:36:00,0,0,0.1,44,SUCCESS,,
Washing_Machine_2015-01-02_01,Washing Machine,2015-01-02 17:48:00,2015-01-02 19:36:00,2015-01-02 20:00:00,2015-01-02 21:48:00,1,0,1.0,132,SUCCESS,,
Washing_Machine_2015-01-03_01,Washing Machine,2015-01-03 09:39:00,2015-01-03 11:19:00,2015-01-03 13:00:00,2015-01-03 14:40:00,1,0,1.0,201,SUCCESS,,
Washing_Machine_2015-01-04_01,Washing Machine,2015-01-04 09:43:00,2015-01-04 11:31:00,2015-01-04 13:00:00,2015-01-04 14:48:00,1,0,1.0,197,SUCCESS,,
Washing_Machine_2015-01-07_01,Washing Machine,2015-01-07 09:38:00,2015-01-07 11:20:00,2015-01-07 13:00:00,2015-01-07 14:42:00,1,0,1.0,202,SUCCESS,,
Washing_Machine_2015-01-09_01,Washing Machine,2015-01-09 11:23:00,2015-01-09 12:57:00,2015-01-09 13:00:00,2015-01-09 14:34:00,1,0,1.0,97,SUCCESS,,
Washing_Machine_2015-01-11_01,Washing Machine,2015-01-11 08:07:00,2015-01-11 09:49:00,2015-01-11 13:00:00,2015-01-11 14:42:00,1,0,1.0,293,SUCCESS,,
Washing_Machine_2015-01-12_01,Washing Machine,2015-01-12 16:37:00,2015-01-12 18:20:00,2015-01-12 20:00:00,2015-01-12 21:43:00,1,0,1.0,203,SUCCESS,,
Washing_Machine_2015-01-13_01,Washing Machine,2015-01-13 15:23:00,2015-01-13 17:05:00,2015-01-13 15:28:00,2015-01-13 17:10:00,1,0,1.0,5,SUCCESS,,
Washing_Machine_2015-01-15_01,Washing Machine,2015-01-15 07:53:00,2015-01-15 09:47:00,2015-01-15 13:00:00,2015-01-15 14:54:00,1,0,1.0,307,SUCCESS,,
Washing_Machine_2015-01-15_02,Washing Machine,2015-01-15 12:01:00,2015-01-15 13:32:00,2015-01-15 20:00:00,2015-01-15 21:31:00,1,0,1.0,59,SUCCESS,,
Washing_Machine_2015-01-19_02,Washing Machine,2015-01-19 16:00:00,2015-01-19 17:49:00,2015-01-19 20:00:00,2015-01-19 21:49:00,1,0,1.0,240,SUCCESS,,
Washing_Machine_2015-01-21_01,Washing Machine,2015-01-21 17:28:00,2015-01-21 19:12:00,2015-01-21 20:00:00,2015-01-21 21:44:00,1,0,1.0,152,SUCCESS,,
Washing_Machine_2015-01-23_01,Washing Machine,2015-01-23 12:45:00,2015-01-23 15:00:00,2015-01-23 13:00:00,2015-01-23 15:15:00,0,0,0.1,15,SUCCESS,,
Washing_Machine_2015-01-23_02,Washing Machine,2015-01-23 17:04:00,2015-01-23 17:40:00,2015-01-23 20:00:00,2015-01-23 20:36:00,1,0,1.0,176,SUCCESS,,
Washing_Machine_2015-01-24_01,Washing Machine,2015-01-24 09:20:00,2015-01-24 11:11:00,2015-01-24 13:00:00,2015-01-24 14:51:00,1,0,1.0,220,SUCCESS,,
Washing_Machine_2015-01-28_01,Washing Machine,2015-01-28 07:45:00,2015-01-28 09:43:00,2015-01-28 13:00:00,2015-01-28 14:58:00,1,0,1.0,315,SUCCESS,,
Washing_Machine_2015-01-30_01,Washing Machine,2015-01-30 09:31:00,2015-01-30 11:23:00,2015-01-30 13:00:00,2015-01-30 14:52:00,1,0,1.0,209,SUCCESS,,
Washing_Machine_2015-02-03_01,Washing Machine,2015-02-03 07:46:00,2015-02-03 09:27:00,2015-02-03 13:00:00,2015-02-03 14:41:00,1,0,1.0,314,SUCCESS,,
Washing_Machine_2015-02-03_02,Washing Machine,2015-02-03 16:10:00,2015-02-03 17:05:00,2015-02-03 20:00:00,2015-02-03 20:55:00,1,0,1.0,230,SUCCESS,,
Washing_Machine_2015-02-03_03,Washing Machine,2015-02-03 18:12:00,2015-02-03 19:59:00,2015-02-04 06:00:00,2015-02-04 07:47:00,1,0,1.0,108,SUCCESS,,
Washing_Machine_2015-02-05_01,Washing Machine,2015-02-05 19:52:00,2015-02-05 21:39:00,2015-02-05 20:00:00,2015-02-05 21:47:00,0,0,0.1,8,SUCCESS,,
Washing_Machine_2015-02-05_02,Washing Machine,2015-02-05 22:44:00,2015-02-06 00:27:00,2015-02-06 06:00:00,2015-02-06 07:43:00,1,0,1.0,856,SUCCESS,,
Washing_Machine_2015-02-06_02,Washing Machine,2015-02-06 17:09:00,2015-02-06 17:16:00,2015-02-06 20:00:00,2015-02-06 20:07:00,1,0,1.0,171,SUCCESS,,
Washing_Machine_2015-02-08_01,Washing Machine,2015-02-08 16:43:00,2015-02-08 18:29:00,2015-02-08 20:00:00,2015-02-08 21:46:00,1,0,1.0,197,SUCCESS,,
Washing_Machine_2015-02-08_02,Washing Machine,2015-02-08 20:55:00,2015-02-08 23:28:00,2015-02-09 06:00:00,2015-02-09 08:33:00,1,0,1.0,965,SUCCESS,,
Washing_Machine_2015-02-09_01,Washing Machine,2015-02-09 12:27:00,2015-02-09 14:17:00,2015-02-09 13:00:00,2015-02-09 14:50:00,0,0,0.1,33,SUCCESS,,
Washing_Machine_2015-02-10_01,Washing Machine,2015-02-10 07:32:00,2015-02-10 08:30:00,2015-02-10 13:00:00,2015-02-10 13:58:00,1,0,1.0,328,SUCCESS,,
Washing_Machine_2015-02-13_02,Washing Machine,2015-02-13 14:59:00,2015-02-13 16:32:00,2015-02-13 15:04:00,2015-02-13 16:37:00,0,0,0.1,5,SUCCESS,,
Washing_Machine_2015-02-22_01,Washing Machine,2015-02-22 07:41:00,2015-02-22 09:13:00,2015-02-22 13:00:00,2015-02-22 14:32:00,1,0,1.0,319,SUCCESS,,
Washing_Machine_2015-02-23_01,Washing Machine,2015-02-23 12:15:00,2015-02-23 13:58:00,2015-02-23 13:00:00,2015-02-23 14:43:00,0,0,0.1,45,SUCCESS,,
Washing_Machine_2015-02-23_03,Washing Machine,2015-02-23 16:46:00,2015-02-23 18:31:00,2015-02-23 20:00:00,2015-02-23 21:45:00,1,0,1.0,194,SUCCESS,,
Washing_Machine_2015-02-24_01,Washing Machine,2015-02-24 08:03:00,2015-02-24 09:57:00,2015-02-24 13:00:00,2015-02-24 14:54:00,1,0,1.0,297,SUCCESS,,
Washing_Machine_2015-02-25_01,Washing Machine,2015-02-25 14:24:00,2015-02-25 16:09:00,2015-02-25 14:29:00,2015-02-25 16:14:00,0,0,0.1,5,SUCCESS,,
Washing_Machine_2015-02-27_01,Washing Machine,2015-02-27 07:57:00,2015-02-27 09:33:00,2015-02-27 13:00:00,2015-02-27 14:36:00,1,0,1.0,303,SUCCESS,,
Washing_Machine_2015-03-01_01,Washing Machine,2015-03-01 11:07:00,2015-03-01 13:00:00,2015-03-01 13:00:00,2015-03-01 14:53:00,1,0,1.0,113,SUCCESS,,
Washing_Machine_2015-03-03_01,Washing Machine,2015-03-03 07:59:00,2015-03-03 09:57:00,2015-03-03 13:00:00,2015-03-03 14:58:00,1,0,1.0,301,SUCCESS,,
Washing_Machine_2015-03-04_02,Washing Machine,2015-03-04 16:10:00,2015-03-04 19:19:00,2015-03-04 16:15:00,2015-03-04 19:24:00,1,0,1.0,230,SUCCESS,,
Washing_Machine_2015-03-04_03,Washing Machine,2015-03-04 19:46:00,2015-03-04 21:30:00,2015-03-04 20:00:00,2015-03-04 21:44:00,0,0,0.1,14,SUCCESS,,
Washing_Machine_2015-03-05_01,Washing Machine,2015-03-05 12:57:00,2015-03-05 14:36:00,2015-03-05 13:02:00,2015-03-05 14:41:00,0,0,0.1,5,SUCCESS,,
Washing_Machine_2015-03-06_01,Washing Machine,2015-03-06 08:15:00,2015-03-06 09:57:00,2015-03-06 13:00:00,2015-03-06 14:42:00,1,0,1.0,285,SUCCESS,,
Washing_Machine_2015-03-06_02,Washing Machine,2015-03-06 12:31:00,2015-03-06 14:22:00,2015-03-06 20:00:00,2015-03-06 21:51:00,0,0,0.1,29,SUCCESS,,
Washing_Machine_2015-03-09_01,Washing Machine,2015-03-09 08:19:00,2015-03-09 11:50:00,2015-03-09 13:00:00,2015-03-09 16:31:00,1,0,1.0,281,SUCCESS,,
Washing_Machine_2015-03-11_02,Washing Machine,2015-03-11 15:36:00,2015-03-11 17:20:00,2015-03-11 15:41:00,2015-03-11 17:25:00,1,0,1.0,5,SUCCESS,,
Washing_Machine_2015-03-13_01,Washing Machine,2015-03-13 14:26:00,2015-03-13 16:01:00,2015-03-13 14:31:00,2015-03-13 16:06:00,0,0,0.1,5,SUCCESS,,
Washing_Machine_2015-03-15_01,Washing Machine,2015-03-15 20:41:00,2015-03-15 22:22:00,2015-03-15 20:46:00,2015-03-15 22:27:00,0,0,0.1,5,SUCCESS,,
Washing_Machine_2015-03-17_01,Washing Machine,2015-03-17 11:34:00,2015-03-17 12:29:00,2015-03-17 13:00:00,2015-03-17 13:55:00,1,0,1.0,86,SUCCESS,,
Washing_Machine_2015-03-18_01,Washing Machine,2015-03-18 16:51:00,2015-03-18 18:31:00,2015-03-18 20:00:00,2015-03-18 21:40:00,1,0,1.0,189,SUCCESS,,
Washing_Machine_2015-03-19_01,Washing Machine,2015-03-19 17:52:00,2015-03-19 17:59:00,2015-03-19 20:00:00,2015-03-19 20:07:00,1,0,1.0,128,SUCCESS,,
Washing_Machine_2015-03-20_01,Washing Machine,2015-03-20 08:58:00,2015-03-20 10:43:00,2015-03-20 13:00:00,2015-03-20 14:45:00,1,0,1.0,242,SUCCESS,,
Washing_Machine_2015-03-21_01,Washing Machine,2015-03-21 00:03:00,2015-03-21 01:41:00,2015-03-21 13:00:00,2015-03-21 14:38:00,1,0,1.0,777,SUCCESS,,
Washing_Machine_2015-03-21_02,Washing Machine,2015-03-21 09:08:00,2015-03-21 10:33:00,2015-03-21 20:00:00,2015-03-21 21:25:00,1,0,1.0,232,SUCCESS,,
Washing_Machine_2015-03-21_03,Washing Machine,2015-03-21 10:44:00,2015-03-21 12:12:00,2015-03-21 10:49:00,2015-03-21 12:17:00,1,0,1.0,136,SUCCESS,,
Washing_Machine_2015-03-26_01,Washing Machine,2015-03-26 12:58:00,2015-03-26 14:38:00,2015-03-26 13:03:00,2015-03-26 14:43:00,0,0,0.1,5,SUCCESS,,
Washing_Machine_2015-03-27_01,Washing Machine,2015-03-27 08:47:00,2015-03-27 10:39:00,2015-03-27 13:00:00,2015-03-27 14:52:00,1,0,1.0,253,SUCCESS,,
Washing_Machine_2015-04-01_01,Washing Machine,2015-04-01 16:26:00,2015-04-01 17:20:00,2015-04-01 20:00:00,2015-04-01 20:54:00,1,0,1.0,214,SUCCESS,,
Washing_Machine_2015-04-07_01,Washing Machine,2015-04-07 10:19:00,2015-04-07 11:58:00,2015-04-07 13:00:00,2015-04-07 14:39:00,1,0,1.0,161,SUCCESS,,
Washing_Machine_2015-04-10_01,Washing Machine,2015-04-10 08:51:00,2015-04-10 10:31:00,2015-04-10 13:00:00,2015-04-10 14:40:00,1,0,1.0,249,SUCCESS,,
Washing_Machine_2015-04-12_01,Washing Machine,2015-04-12 09:12:00,2015-04-12 10:53:00,2015-04-12 13:00:00,2015-04-12 14:41:00,1,0,1.0,228,SUCCESS,,
Washing_Machine_2015-04-14_01,Washing Machine,2015-04-14 08:55:00,2015-04-14 10:48:00,2015-04-14 13:00:00,2015-04-14 14:53:00,1,0,1.0,245,SUCCESS,,
Washing_Machine_2015-04-14_02,Washing Machine,2015-04-14 12:54:00,2015-04-14 14:35:00,2015-04-14 20:00:00,2015-04-14 21:41:00,0,0,0.1,6,SUCCESS,,
Washing_Machine_2015-04-15_01,Washing Machine,2015-04-15 17:14:00,2015-04-15 17:22:00,2015-04-15 20:00:00,2015-04-15 20:08:00,1,0,1.0,166,SUCCESS,,
Washing_Machine_2015-04-17_01,Washing Machine,2015-04-17 09:31:00,2015-04-17 11:11:00,2015-04-17 13:00:00,2015-04-17 14:40:00,1,0,1.0,209,SUCCESS,,
Washing_Machine_2015-04-18_01,Washing Machine,2015-04-18 08:50:00,2015-04-18 10:32:00,2015-04-18 13:00:00,2015-04-18 14:42:00,1,0,1.0,250,SUCCESS,,
Washing_Machine_2015-04-20_01,Washing Machine,2015-04-20 08:24:00,2015-04-20 10:10:00,2015-04-20 13:00:00,2015-04-20 14:46:00,1,0,1.0,276,SUCCESS,,
Washing_Machine_2015-04-20_02,Washing Machine,2015-04-20 10:43:00,2015-04-20 12:28:00,2015-04-20 20:00:00,2015-04-20 21:45:00,1,0,1.0,137,SUCCESS,,
Washing_Machine_2015-04-21_01,Washing Machine,2015-04-21 12:54:00,2015-04-21 13:01:00,2015-04-21 13:00:00,2015-04-21 13:07:00,1,0,1.0,6,SUCCESS,,
Washing_Machine_2015-04-23_01,Washing Machine,2015-04-23 12:58:00,2015-04-23 16:27:00,2015-04-23 13:03:00,2015-04-23 16:32:00,0,0,0.1,5,SUCCESS,,
Washing_Machine_2015-04-25_01,Washing Machine,2015-04-25 09:24:00,2015-04-25 10:50:00,2015-04-25 13:00:00,2015-04-25 14:26:00,1,0,1.0,216,SUCCESS,,
Washing_Machine_2015-04-25_02,Washing Machine,2015-04-25 11:08:00,2015-04-25 12:59:00,2015-04-25 20:00:00,2015-04-25 21:51:00,1,0,1.0,112,SUCCESS,,
Washing_Machine_2015-04-27_01,Washing Machine,2015-04-27 08:45:00,2015-04-27 10:04:00,2015-04-27 13:00:00,2015-04-27 14:19:00,1,0,1.0,255,SUCCESS,,
Washing_Machine_2015-04-27_02,Washing Machine,2015-04-27 14:44:00,2015-04-27 16:31:00,2015-04-27 20:00:00,2015-04-27 21:47:00,0,0,0.1,5,SUCCESS,,
Washing_Machine_2015-04-27_03,Washing Machine,2015-04-27 19:46:00,2015-04-27 19:53:00,2015-04-27 21:47:00,2015-04-27 21:54:00,1,0,1.0,14,SUCCESS,,
Washing_Machine_2015-04-29_02,Washing Machine,2015-04-29 15:41:00,2015-04-29 17:13:00,2015-04-29 15:46:00,2015-04-29 17:18:00,1,0,1.0,5,SUCCESS,,
Washing_Machine_2015-04-30_01,Washing Machine,2015-04-30 11:56:00,2015-04-30 13:33:00,2015-04-30 13:00:00,2015-04-30 14:37:00,1,0,1.0,64,SUCCESS,,
Washing_Machine_2015-05-01_01,Washing Machine,2015-05-01 11:11:00,2015-05-01 11:19:00,2015-05-01 13:00:00,2015-05-01 13:08:00,1,0,1.0,109,SUCCESS,,
Washing_Machine_2015-05-02_01,Washing Machine,2015-05-02 10:14:00,2015-05-02 11:59:00,2015-05-02 13:00:00,2015-05-02 14:45:00,1,0,1.0,166,SUCCESS,,
Washing_Machine_2015-05-02_02,Washing Machine,2015-05-02 12:05:00,2015-05-02 13:48:00,2015-05-02 20:00:00,2015-05-02 21:43:00,1,0,1.0,55,SUCCESS,,
Washing_Machine_2015-05-03_01,Washing Machine,2015-05-03 18:28:00,2015-05-03 20:21:00,2015-05-03 20:00:00,2015-05-03 21:53:00,1,0,1.0,92,SUCCESS,,
Washing_Machine_2015-05-08_01,Washing Machine,2015-05-08 20:46:00,2015-05-09 05:42:00,2015-05-09 13:00:00,2015-05-09 21:56:00,1,0,1.0,974,SUCCESS,,
Washing_Machine_2015-05-09_01,Washing Machine,2015-05-09 08:30:00,2015-05-09 10:16:00,2015-05-09 13:00:00,2015-05-09 14:46:00,1,0,1.0,270,SUCCESS,,
Washing_Machine_2015-05-20_01,Washing Machine,2015-05-20 08:23:00,2015-05-20 10:02:00,2015-05-20 13:00:00,2015-05-20 14:39:00,1,0,1.0,277,SUCCESS,,
Washing_Machine_2015-05-21_01,Washing Machine,2015-05-21 21:33:00,2015-05-22 06:26:00,2015-05-22 13:00:00,2015-05-22 21:53:00,1,0,1.0,927,SUCCESS,,
Washing_Machine_2015-05-22_01,Washing Machine,2015-05-22 09:13:00,2015-05-22 10:57:00,2015-05-22 13:00:00,2015-05-22 14:44:00,1,0,1.0,227,SUCCESS,,
Washing_Machine_2015-05-27_01,Washing Machine,2015-05-27 20:49:00,2015-05-28 05:40:00,2015-05-28 13:00:00,2015-05-28 21:51:00,1,0,1.0,971,SUCCESS,,
Washing_Machine_2015-05-28_01,Washing Machine,2015-05-28 06:59:00,2015-05-28 08:05:00,2015-05-28 13:00:00,2015-05-28 14:06:00,1,0,1.0,361,SUCCESS,,
Dishwasher_2013-09-18_01,Dishwasher,2013-09-18 12:42:00,2013-09-18 14:37:00,2013-09-18 13:00:00,2013-09-18 14:55:00,0,0,0.1,18,SUCCESS,,
Dishwasher_2013-09-19_01,Dishwasher,2013-09-19 12:27:00,2013-09-19 14:25:00,2013-09-19 13:00:00,2013-09-19 14:58:00,0,0,0.1,33,SUCCESS,,
Dishwasher_2013-09-20_02,Dishwasher,2013-09-20 15:48:00,2013-09-20 17:42:00,2013-09-20 15:53:00,2013-09-20 17:47:00,1,0,1.0,5,SUCCESS,,
Dishwasher_2013-09-21_01,Dishwasher,2013-09-21 18:40:00,2013-09-21 20:33:00,2013-09-21 20:00:00,2013-09-21 21:53:00,1,0,1.0,80,SUCCESS,,
Dishwasher_2013-09-22_02,Dishwasher,2013-09-22 18:19:00,2013-09-22 20:09:00,2013-09-22 20:00:00,2013-09-22 21:50:00,1,0,1.0,101,SUCCESS,,
Dishwasher_2013-09-23_01,Dishwasher,2013-09-23 19:00:00,2013-09-23 20:56:00,2013-09-23 20:00:00,2013-09-23 21:56:00,1,0,1.0,60,SUCCESS,,
Dishwasher_2013-09-25_01,Dishwasher,2013-09-25 06:33:00,2013-09-25 08:27:00,2013-09-25 13:00:00,2013-09-25 14:54:00,1,0,1.0,387,SUCCESS,,
Dishwasher_2013-09-25_04,Dishwasher,2013-09-25 19:12:00,2013-09-25 21:06:00,2013-09-25 20:00:00,2013-09-25 21:54:00,0,0,0.1,48,SUCCESS,,
Dishwasher_2013-09-27_01,Dishwasher,2013-09-27 16:06:00,2013-09-27 18:01:00,2013-09-27 20:00:00,2013-09-27 21:55:00,1,0,1.0,234,SUCCESS,,
Dishwasher_2013-09-28_01,Dishwasher,2013-09-28 12:14:00,2013-09-28 14:10:00,2013-09-28 13:00:00,2013-09-28 14:56:00,0,0,0.1,46,SUCCESS,,
Dishwasher_2013-09-29_01,Dishwasher,2013-09-29 09:28:00,2013-09-29 14:07:00,2013-09-29 13:00:00,2013-09-29 17:39:00,1,0,1.0,212,SUCCESS,,
Dishwasher_2013-09-30_01,Dishwasher,2013-09-30 20:55:00,2013-09-30 22:47:00,2013-09-30 21:00:00,2013-09-30 22:52:00,0,0,0.1,5,SUCCESS,,
Dishwasher_2013-10-02_01,Dishwasher,2013-10-02 17:24:00,2013-10-02 19:19:00,2013-10-02 20:00:00,2013-10-02 21:55:00,1,0,1.0,156,SUCCESS,,
Dishwasher_2013-10-03_01,Dishwasher,2013-10-03 21:07:00,2013-10-03 22:57:00,2013-10-03 21:12:00,2013-10-03 23:02:00,1,0,1.0,5,SUCCESS,,
Dishwasher_2013-10-05_01,Dishwasher,2013-10-05 17:25:00,2013-10-05 19:19:00,2013-10-05 20:00:00,2013-10-05 21:54:00,1,0,1.0,155,SUCCESS,,
Dishwasher_2013-10-06_01,Dishwasher,2013-10-06 19:12:00,2013-10-06 21:05:00,2013-10-06 20:00:00,2013-10-06 21:53:00,0,0,0.1,48,SUCCESS,,
Dishwasher_2013-10-07_01,Dishwasher,2013-10-07 17:25:00,2013-10-07 19:21:00,2013-10-07 20:00:00,2013-10-07 21:56:00,1,0,1.0,155,SUCCESS,,
Dishwasher_2013-10-08_01,Dishwasher,2013-10-08 17:28:00,2013-10-08 19:21:00,2013-10-08 20:00:00,2013-10-08 21:53:00,1,0,1.0,152,SUCCESS,,
Dishwasher_2013-10-09_01,Dishwasher,2013-10-09 21:30:00,2013-10-09 23:26:00,2013-10-10 13:00:00,2013-10-10 14:56:00,1,0,1.0,930,SUCCESS,,
Dishwasher_2013-10-10_01,Dishwasher,2013-10-10 18:55:00,2013-10-10 20:49:00,2013-10-10 20:00:00,2013-10-10 21:54:00,1,0,1.0,65,SUCCESS,,
Dishwasher_2013-10-11_01,Dishwasher,2013-10-11 19:27:00,2013-10-11 21:24:00,2013-10-11 20:00:00,2013-10-11 21:57:00,0,0,0.1,33,SUCCESS,,
Dishwasher_2013-10-12_01,Dishwasher,2013-10-12 19:19:00,2013-10-12 21:11:00,2013-10-12 20:00:00,2013-10-12 21:52:00,0,0,0.1,41,SUCCESS,,
Dishwasher_2013-10-13_01,Dishwasher,2013-10-13 14:45:00,2013-10-13 16:38:00,2013-10-13 14:50:00,2013-10-13 16:43:00,0,0,0.1,5,SUCCESS,,
Dishwasher_2013-10-14_01,Dishwasher,2013-10-14 12:44:00,2013-10-14 14:39:00,2013-10-14 13:00:00,2013-10-14 14:55:00,0,0,0.1,16,SUCCESS,,
Dishwasher_2013-10-15_01,Dishwasher,2013-10-15 07:18:00,2013-10-15 09:16:00,2013-10-15 13:00:00,2013-10-15 14:58:00,1,0,1.0,342,SUCCESS,,
Dishwasher_2013-10-16_01,Dishwasher,2013-10-16 21:16:00,2013-10-16 23:13:00,2013-10-16 21:21:00,2013-10-16 23:18:00,1,0,1.0,5,SUCCESS,,
Dishwasher_2013-10-20_01,Dishwasher,2013-10-20 19:19:00,2013-10-20 21:16:00,2013-10-20 20:00:00,2013-10-20 21:57:00,0,0,0.1,41,SUCCESS,,
Dishwasher_2013-10-21_01,Dishwasher,2013-10-21 22:24:00,2013-10-22 00:22:00,2013-10-22 13:00:00,2013-10-22 14:58:00,1,0,1.0,876,SUCCESS,,
Dishwasher_2013-10-23_01,Dishwasher,2013-10-23 07:32:00,2013-10-23 09:30:00,2013-10-23 13:00:00,2013-10-23 14:58:00,1,0,1.0,328,SUCCESS,,
Dishwasher_2013-10-23_04,Dishwasher,2013-10-23 18:54:00,2013-10-23 20:47:00,2013-10-23 20:00:00,2013-10-23 21:53:00,1,0,1.0,66,SUCCESS,,
Dishwasher_2013-10-24_01,Dishwasher,2013-10-24 16:53:00,2013-10-24 18:46:00,2013-10-24 20:00:00,2013-10-24 21:53:00,1,0,1.0,187,SUCCESS,,
Dishwasher_2013-10-25_01,Dishwasher,2013-10-25 07:22:00,2013-10-25 09:15:00,2013-10-25 13:00:00,2013-10-25 14:53:00,1,0,1.0,338,SUCCESS,,
Dishwasher_2014-02-13_01,Dishwasher,2014-02-13 19:55:00,2014-02-13 23:44:00,2014-02-14 13:00:00,2014-02-14 16:49:00,0,0,0.1,1025,SUCCESS,,
Dishwasher_2014-02-18_01,Dishwasher,2014-02-18 18:20:00,2014-02-18 21:22:00,2014-02-18 20:00:00,2014-02-18 23:02:00,1,0,1.0,100,SUCCESS,,
Dishwasher_2014-02-19_01,Dishwasher,2014-02-19 19:52:00,2014-02-19 20:47:00,2014-02-19 20:00:00,2014-02-19 20:55:00,0,0,0.1,8,SUCCESS,,
Dishwasher_2014-02-20_01,Dishwasher,2014-02-20 18:23:00,2014-02-20 20:18:00,2014-02-20 20:00:00,2014-02-20 21:55:00,1,0,1.0,97,SUCCESS,,
Dishwasher_2014-02-21_01,Dishwasher,2014-02-21 12:53:00,2014-02-21 14:48:00,2014-02-21 13:00:00,2014-02-21 14:55:00,0,0,0.1,7,SUCCESS,,
Dishwasher_2014-02-26_01,Dishwasher,2014-02-26 15:14:00,2014-02-26 17:20:00,2014-02-26 15:19:00,2014-02-26 17:25:00,1,0,1.0,5,SUCCESS,,
Dishwasher_2014-02-27_01,Dishwasher,2014-02-27 15:03:00,2014-02-27 17:01:00,2014-02-27 15:08:00,2014-02-27 17:06:00,1,0,1.0,5,SUCCESS,,
Dishwasher_2014-02-28_01,Dishwasher,2014-02-28 12:18:00,2014-02-28 14:02:00,2014-02-28 13:00:00,2014-02-28 14:44:00,0,0,0.1,42,SUCCESS,,
Dishwasher_2014-03-03_01,Dishwasher,2014-03-03 18:19:00,2014-03-03 20:16:00,2014-03-03 20:00:00,2014-03-03 21:57:00,1,0,1.0,101,SUCCESS,,
Dishwasher_2014-03-05_01,Dishwasher,2014-03-05 08:06:00,2014-03-05 10:05:00,2014-03-05 13:00:00,2014-03-05 14:59:00,1,0,1.0,294,SUCCESS,,
Dishwasher_2014-03-06_01,Dishwasher,2014-03-06 09:34:00,2014-03-06 11:32:00,2014-03-06 13:00:00,2014-03-06 14:58:00,1,0,1.0,206,SUCCESS,,
Dishwasher_2014-03-07_01,Dishwasher,2014-03-07 12:38:00,2014-03-07 14:36:00,2014-03-07 13:00:00,2014-03-07 14:58:00,0,0,0.1,22,SUCCESS,,
Dishwasher_2014-03-08_01,Dishwasher,2014-03-08 18:19:00,2014-03-08 20:17:00,2014-03-08 20:00:00,2014-03-08 21:58:00,1,0,1.0,101,SUCCESS,,
Dishwasher_2014-03-09_01,Dishwasher,2014-03-09 16:19:00,2014-03-09 18:15:00,2014-03-09 20:00:00,2014-03-09 21:56:00,1,0,1.0,221,SUCCESS,,
Dishwasher_2014-03-10_01,Dishwasher,2014-03-10 15:23:00,2014-03-10 17:24:00,2014-03-10 15:28:00,2014-03-10 17:29:00,1,0,1.0,5,SUCCESS,,
Dishwasher_2014-03-11_01,Dishwasher,2014-03-11 16:44:00,2014-03-11 18:38:00,2014-03-11 20:00:00,2014-03-11 21:54:00,1,0,1.0,196,SUCCESS,,
Dishwasher_2014-03-12_01,Dishwasher,2014-03-12 17:32:00,2014-03-12 19:36:00,2014-03-12 20:00:00,2014-03-12 22:04:00,1,0,1.0,148,SUCCESS,,
Dishwasher_2014-03-13_01,Dishwasher,2014-03-13 14:53:00,2014-03-13 16:51:00,2014-03-13 14:58:00,2014-03-13 16:56:00,0,0,0.1,5,SUCCESS,,
Dishwasher_2014-03-14_01,Dishwasher,2014-03-14 15:31:00,2014-03-14 17:29:00,2014-03-14 15:36:00,2014-03-14 17:34:00,1,0,1.0,5,SUCCESS,,
Dishwasher_2014-03-15_01,Dishwasher,2014-03-15 08:04:00,2014-03-15 09:58:00,2014-03-15 13:00:00,2014-03-15 14:54:00,1,0,1.0,296,SUCCESS,,
Dishwasher_2014-03-15_04,Dishwasher,2014-03-15 19:08:00,2014-03-15 21:04:00,2014-03-15 20:00:00,2014-03-15 21:56:00,0,0,0.1,52,SUCCESS,,
Dishwasher_2014-03-15_07,Dishwasher,2014-03-15 22:16:00,2014-03-16 00:08:00,2014-03-16 06:00:00,2014-03-16 07:52:00,1,0,1.0,884,SUCCESS,,
Dishwasher_2014-03-16_03,Dishwasher,2014-03-16 11:23:00,2014-03-16 13:24:00,2014-03-16 13:00:00,2014-03-16 15:01:00,1,0,1.0,97,SUCCESS,,
Dishwasher_2014-03-16_06,Dishwasher,2014-03-16 14:21:00,2014-03-16 16:18:00,2014-03-16 20:00:00,2014-03-16 21:57:00,0,0,0.1,5,SUCCESS,,
Dishwasher_2014-03-16_09,Dishwasher,2014-03-16 17:12:00,2014-03-16 18:40:00,2014-03-16 17:17:00,2014-03-16 18:45:00,1,0,1.0,168,SUCCESS,,
Dishwasher_2014-03-19_01,Dishwasher,2014-03-19 19:29:00,2014-03-19 21:22:00,2014-03-19 20:00:00,2014-03-19 21:53:00,0,0,0.1,31,SUCCESS,,
Dishwasher_2014-03-20_01,Dishwasher,2014-03-20 17:56:00,2014-03-20 19:52:00,2014-03-20 20:00:00,2014-03-20 21:56:00,1,0,1.0,124,SUCCESS,,
Dishwasher_2014-03-21_01,Dishwasher,2014-03-21 20:16:00,2014-03-21 22:12:00,2014-03-21 20:21:00,2014-03-21 22:17:00,0,0,0.1,5,SUCCESS,,
Dishwasher_2014-03-22_01,Dishwasher,2014-03-22 08:08:00,2014-03-22 10:04:00,2014-03-22 13:00:00,2014-03-22 14:56:00,1,0,1.0,292,SUCCESS,,
Dishwasher_2014-03-22_04,Dishwasher,2014-03-22 12:32:00,2014-03-22 14:24:00,2014-03-22 20:00:00,2014-03-22 21:52:00,0,0,0.1,28,SUCCESS,,
Dishwasher_2014-03-22_07,Dishwasher,2014-03-22 21:07:00,2014-03-22 23:00:00,2014-03-23 06:00:00,2014-03-23 07:53:00,1,0,1.0,5,SUCCESS,,
Dishwasher_2014-03-23_01,Dishwasher,2014-03-23 10:43:00,2014-03-23 12:38:00,2014-03-23 13:00:00,2014-03-23 14:55:00,1,0,1.0,137,SUCCESS,,
Dishwasher_2014-03-24_01,Dishwasher,2014-03-24 14:10:00,2014-03-24 16:09:00,2014-03-24 14:15:00,2014-03-24 16:14:00,0,0,0.1,5,SUCCESS,,
Dishwasher_2014-03-24_02,Dishwasher,2014-03-24 16:11:00,2014-03-24 16:16:00,2014-03-24 20:00:00,2014-03-24 20:05:00,1,0,1.0,229,SUCCESS,,
Dishwasher_2014-03-25_01,Dishwasher,2014-03-25 09:45:00,2014-03-25 11:40:00,2014-03-25 13:00:00,2014-03-25 14:55:00,1,0,1.0,195,SUCCESS,,
Dishwasher_2014-03-27_01,Dishwasher,2014-03-27 18:16:00,2014-03-27 20:11:00,2014-03-27 20:00:00,2014-03-27 21:55:00,1,0,1.0,104,SUCCESS,,
Dishwasher_2014-03-28_01,Dishwasher,2014-03-28 19:51:00,2014-03-28 21:49:00,2014-03-28 20:00:00,2014-03-28 21:58:00,0,0,0.1,9,SUCCESS,,
Dishwasher_2014-03-30_01,Dishwasher,2014-03-30 10:54:00,2014-03-30 12:49:00,2014-03-30 13:00:00,2014-03-30 14:55:00,1,0,1.0,126,SUCCESS,,
Dishwasher_2014-03-31_01,Dishwasher,2014-03-31 18:43:00,2014-03-31 20:38:00,2014-03-31 20:00:00,2014-03-31 21:55:00,1,0,1.0,77,SUCCESS,,
Dishwasher_2014-04-01_01,Dishwasher,2014-04-01 18:11:00,2014-04-01 20:07:00,2014-04-01 20:00:00,2014-04-01 21:56:00,1,0,1.0,109,SUCCESS,,
Dishwasher_2014-04-03_01,Dishwasher,2014-04-03 14:32:00,2014-04-03 16:29:00,2014-04-03 14:37:00,2014-04-03 16:34:00,0,0,0.1,5,SUCCESS,,
Dishwasher_2014-04-03_05,Dishwasher,2014-04-03 19:26:00,2014-04-03 21:18:00,2014-04-03 20:00:00,2014-04-03 21:52:00,0,0,0.1,34,SUCCESS,,
Dishwasher_2014-04-04_01,Dishwasher,2014-04-04 08:17:00,2014-04-04 10:07:00,2014-04-04 13:00:00,2014-04-04 14:50:00,1,0,1.0,283,SUCCESS,,
Dishwasher_2014-04-05_01,Dishwasher,2014-04-05 07:35:00,2014-04-05 09:31:00,2014-04-05 13:00:00,2014-04-05 14:56:00,1,0,1.0,325,SUCCESS,,
Dishwasher_2014-04-06_01,Dishwasher,2014-04-06 09:35:00,2014-04-06 11:32:00,2014-04-06 13:00:00,2014-04-06 14:57:00,1,0,1.0,205,SUCCESS,,
Dishwasher_2014-04-07_01,Dishwasher,2014-04-07 09:38:00,2014-04-07 11:32:00,2014-04-07 13:00:00,2014-04-07 14:54:00,1,0,1.0,202,SUCCESS,,
Dishwasher_2014-04-07_03,Dishwasher,2014-04-07 17:35:00,2014-04-07 19:28:00,2014-04-07 20:00:00,2014-04-07 21:53:00,1,0,1.0,145,SUCCESS,,
Dishwasher_2014-04-09_01,Dishwasher,2014-04-09 12:45:00,2014-04-09 14:41:00,2014-04-09 13:00:00,2014-04-09 14:56:00,0,0,0.1,15,SUCCESS,,
Dishwasher_2014-04-09_04,Dishwasher,2014-04-09 18:54:00,2014-04-09 20:50:00,2014-04-09 20:00:00,2014-04-09 21:56:00,1,0,1.0,66,SUCCESS,,
Dishwasher_2014-04-10_01,Dishwasher,2014-04-10 19:10:00,2014-04-10 21:02:00,2014-04-10 20:00:00,2014-04-10 21:52:00,0,0,0.1,50,SUCCESS,,
Dishwasher_2014-04-12_01,Dishwasher,2014-04-12 11:41:00,2014-04-12 13:36:00,2014-04-12 13:00:00,2014-04-12 14:55:00,1,0,1.0,79,SUCCESS,,
Dishwasher_2014-04-13_01,Dishwasher,2014-04-13 15:50:00,2014-04-13 17:44:00,2014-04-13 15:55:00,2014-04-13 17:49:00,1,0,1.0,5,SUCCESS,,
Dishwasher_2014-04-14_01,Dishwasher,2014-04-14 15:58:00,2014-04-14 17:55:00,2014-04-14 20:00:00,2014-04-14 21:57:00,1,0,1.0,242,SUCCESS,,
Dishwasher_2014-04-15_01,Dishwasher,2014-04-15 11:08:00,2014-04-15 13:00:00,2014-04-15 13:00:00,2014-04-15 14:52:00,1,0,1.0,112,SUCCESS,,
Dishwasher_2014-04-17_01,Dishwasher,2014-04-17 17:27:00,2014-04-17 19:25:00,2014-04-17 20:00:00,2014-04-17 21:58:00,1,0,1.0,153,SUCCESS,,
Dishwasher_2014-04-18_01,Dishwasher,2014-04-18 12:37:00,2014-04-18 15:44:00,2014-04-18 13:00:00,2014-04-18 16:07:00,0,0,0.1,23,SUCCESS,,
Dishwasher_2014-04-22_01,Dishwasher,2014-04-22 17:43:00,2014-04-22 19:35:00,2014-04-22 20:00:00,2014-04-22 21:52:00,1,0,1.0,137,SUCCESS,,
Dishwasher_2014-04-23_01,Dishwasher,2014-04-23 19:14:00,2014-04-23 21:07:00,2014-04-23 20:00:00,2014-04-23 21:53:00,0,0,0.1,46,SUCCESS,,
Dishwasher_2014-04-24_01,Dishwasher,2014-04-24 21:08:00,2014-04-24 23:00:00,2014-04-24 21:13:00,2014-04-24 23:05:00,1,0,1.0,5,SUCCESS,,
Dishwasher_2014-04-25_01,Dishwasher,2014-04-25 17:59:00,2014-04-25 19:56:00,2014-04-25 20:00:00,2014-04-25 21:57:00,1,0,1.0,121,SUCCESS,,
Dishwasher_2014-04-27_01,Dishwasher,2014-04-27 06:54:00,2014-04-27 08:47:00,2014-04-27 13:00:00,2014-04-27 14:53:00,1,0,1.0,366,SUCCESS,,
Dishwasher_2014-04-27_04,Dishwasher,2014-04-27 16:57:00,2014-04-27 18:50:00,2014-04-27 20:00:00,2014-04-27 21:53:00,1,0,1.0,183,SUCCESS,,
Dishwasher_2014-04-28_01,Dishwasher,2014-04-28 12:44:00,2014-04-28 14:36:00,2014-04-28 13:00:00,2014-04-28 14:52:00,0,0,0.1,16,SUCCESS,,
Dishwasher_2014-04-29_01,Dishwasher,2014-04-29 07:00:00,2014-04-29 08:56:00,2014-04-29 13:00:00,2014-04-29 14:56:00,1,0,1.0,360,SUCCESS,,
Dishwasher_2014-04-30_01,Dishwasher,2014-04-30 06:20:00,2014-04-30 08:15:00,2014-04-30 13:00:00,2014-04-30 14:55:00,1,0,1.0,400,SUCCESS,,
Dishwasher_2014-05-01_01,Dishwasher,2014-05-01 08:07:00,2014-05-01 10:01:00,2014-05-01 13:00:00,2014-05-01 14:54:00,1,0,1.0,293,SUCCESS,,
Dishwasher_2014-05-02_01,Dishwasher,2014-05-02 17:42:00,2014-05-02 19:36:00,2014-05-02 20:00:00,2014-05-02 21:54:00,1,0,1.0,138,SUCCESS,,
Dishwasher_2014-05-04_01,Dishwasher,2014-05-04 09:15:00,2014-05-04 11:11:00,2014-05-04 13:00:00,2014-05-04 14:56:00,1,0,1.0,225,SUCCESS,,
Dishwasher_2014-05-05_01,Dishwasher,2014-05-05 06:36:00,2014-05-05 08:28:00,2014-05-05 13:00:00,2014-05-05 14:52:00,1,0,1.0,384,SUCCESS,,
Dishwasher_2014-05-05_04,Dishwasher,2014-05-05 19:03:00,2014-05-05 20:55:00,2014-05-05 20:00:00,2014-05-05 21:52:00,1,0,1.0,57,SUCCESS,,
Dishwasher_2014-05-06_01,Dishwasher,2014-05-06 17:55:00,2014-05-06 19:50:00,2014-05-06 20:00:00,2014-05-06 21:55:00,1,0,1.0,125,SUCCESS,,
Dishwasher_2014-05-07_01,Dishwasher,2014-05-07 18:44:00,2014-05-07 20:39:00,2014-05-07 20:00:00,2014-05-07 21:55:00,1,0,1.0,76,SUCCESS,,
Dishwasher_2014-05-09_01,Dishwasher,2014-05-09 08:15:00,2014-05-09 10:09:00,2014-05-09 13:00:00,2014-05-09 14:54:00,1,0,1.0,285,SUCCESS,,
Dishwasher_2014-05-10_01,Dishwasher,2014-05-10 07:22:00,2014-05-10 09:16:00,2014-05-10 13:00:00,2014-05-10 14:54:00,1,0,1.0,338,SUCCESS,,
Dishwasher_2014-05-11_01,Dishwasher,2014-05-11 12:43:00,2014-05-11 14:34:00,2014-05-11 13:00:00,2014-05-11 14:51:00,0,0,0.1,17,SUCCESS,,
Dishwasher_2014-05-11_04,Dishwasher,2014-05-11 18:04:00,2014-05-11 19:53:00,2014-05-11 20:00:00,2014-05-11 21:49:00,1,0,1.0,116,SUCCESS,,
Dishwasher_2014-05-12_01,Dishwasher,2014-05-12 18:11:00,2014-05-12 20:07:00,2014-05-12 20:00:00,2014-05-12 21:56:00,1,0,1.0,109,SUCCESS,,
Dishwasher_2014-05-13_01,Dishwasher,2014-05-13 18:40:00,2014-05-13 20:31:00,2014-05-13 20:00:00,2014-05-13 21:51:00,1,0,1.0,80,SUCCESS,,
Dishwasher_2014-05-14_01,Dishwasher,2014-05-14 18:51:00,2014-05-14 20:42:00,2014-05-14 20:00:00,2014-05-14 21:51:00,1,0,1.0,69,SUCCESS,,
Dishwasher_2014-05-15_01,Dishwasher,2014-05-15 19:01:00,2014-05-15 20:53:00,2014-05-15 20:00:00,2014-05-15 21:52:00,1,0,1.0,59,SUCCESS,,
Dishwasher_2014-05-17_01,Dishwasher,2014-05-17 08:08:00,2014-05-17 10:00:00,2014-05-17 13:00:00,2014-05-17 14:52:00,1,0,1.0,292,SUCCESS,,
Dishwasher_2014-05-18_01,Dishwasher,2014-05-18 09:47:00,2014-05-18 11:39:00,2014-05-18 13:00:00,2014-05-18 14:52:00,1,0,1.0,193,SUCCESS,,
Dishwasher_2014-05-19_01,Dishwasher,2014-05-19 06:21:00,2014-05-19 08:14:00,2014-05-19 13:00:00,2014-05-19 14:53:00,1,0,1.0,399,SUCCESS,,
Dishwasher_2014-05-19_04,Dishwasher,2014-05-19 18:52:00,2014-05-19 20:41:00,2014-05-19 20:00:00,2014-05-19 21:49:00,1,0,1.0,68,SUCCESS,,
Dishwasher_2014-05-20_01,Dishwasher,2014-05-20 18:48:00,2014-05-20 20:39:00,2014-05-20 20:00:00,2014-05-20 21:51:00,1,0,1.0,72,SUCCESS,,
Dishwasher_2014-05-21_01,Dishwasher,2014-05-21 17:36:00,2014-05-21 19:28:00,2014-05-21 20:00:00,2014-05-21 21:52:00,1,0,1.0,144,SUCCESS,,
Dishwasher_2014-05-22_01,Dishwasher,2014-05-22 19:50:00,2014-05-22 21:42:00,2014-05-22 20:00:00,2014-05-22 21:52:00,0,0,0.1,10,SUCCESS,,
Dishwasher_2014-05-23_01,Dishwasher,2014-05-23 19:10:00,2014-05-23 21:01:00,2014-05-23 20:00:00,2014-05-23 21:51:00,0,0,0.1,50,SUCCESS,,
Dishwasher_2014-05-24_01,Dishwasher,2014-05-24 16:26:00,2014-05-24 18:20:00,2014-05-24 20:00:00,2014-05-24 21:54:00,1,0,1.0,214,SUCCESS,,
Dishwasher_2014-05-25_01,Dishwasher,2014-05-25 16:22:00,2014-05-25 18:13:00,2014-05-25 20:00:00,2014-05-25 21:51:00,1,0,1.0,218,SUCCESS,,
Dishwasher_2014-05-26_01,Dishwasher,2014-05-26 17:48:00,2014-05-26 19:40:00,2014-05-26 20:00:00,2014-05-26 21:52:00,1,0,1.0,132,SUCCESS,,
Dishwasher_2014-05-28_01,Dishwasher,2014-05-28 07:00:00,2014-05-28 08:54:00,2014-05-28 13:00:00,2014-05-28 14:54:00,1,0,1.0,360,SUCCESS,,
Dishwasher_2014-05-29_01,Dishwasher,2014-05-29 08:41:00,2014-05-29 10:35:00,2014-05-29 13:00:00,2014-05-29 14:54:00,1,0,1.0,259,SUCCESS,,
Dishwasher_2014-05-29_04,Dishwasher,2014-05-29 19:56:00,2014-05-29 21:49:00,2014-05-29 20:01:00,2014-05-29 21:54:00,0,0,0.1,5,SUCCESS,,
Dishwasher_2014-05-31_01,Dishwasher,2014-05-31 12:30:00,2014-05-31 14:22:00,2014-05-31 13:00:00,2014-05-31 14:52:00,0,0,0.1,30,SUCCESS,,
Dishwasher_2014-06-02_01,Dishwasher,2014-06-02 07:12:00,2014-06-02 09:06:00,2014-06-02 13:00:00,2014-06-02 14:54:00,1,0,1.0,348,SUCCESS,,
Dishwasher_2014-06-02_04,Dishwasher,2014-06-02 19:11:00,2014-06-02 21:00:00,2014-06-02 20:00:00,2014-06-02 21:49:00,0,0,0.1,49,SUCCESS,,
Dishwasher_2014-06-03_01,Dishwasher,2014-06-03 17:45:00,2014-06-03 19:35:00,2014-06-03 20:00:00,2014-06-03 21:50:00,1,0,1.0,135,SUCCESS,,
Dishwasher_2014-06-04_01,Dishwasher,2014-06-04 17:37:00,2014-06-04 19:29:00,2014-06-04 20:00:00,2014-06-04 21:52:00,1,0,1.0,143,SUCCESS,,
Dishwasher_2014-06-05_01,Dishwasher,2014-06-05 19:50:00,2014-06-05 21:44:00,2014-06-05 20:00:00,2014-06-05 21:54:00,0,0,0.1,10,SUCCESS,,
Dishwasher_2014-06-06_01,Dishwasher,2014-06-06 18:48:00,2014-06-06 20:40:00,2014-06-06 20:00:00,2014-06-06 21:52:00,1,0,1.0,72,SUCCESS,,
Dishwasher_2014-06-10_01,Dishwasher,2014-06-10 16:40:00,2014-06-10 18:32:00,2014-06-10 20:00:00,2014-06-10 21:52:00,1,0,1.0,200,SUCCESS,,
Dishwasher_2014-06-11_04,Dishwasher,2014-06-11 20:18:00,2014-06-11 22:09:00,2014-06-11 20:23:00,2014-06-11 22:14:00,0,0,0.1,5,SUCCESS,,
Dishwasher_2014-06-13_01,Dishwasher,2014-06-13 09:57:00,2014-06-13 11:48:00,2014-06-13 13:00:00,2014-06-13 14:51:00,1,0,1.0,183,SUCCESS,,
Dishwasher_2014-06-14_01,Dishwasher,2014-06-14 18:45:00,2014-06-14 20:36:00,2014-06-14 20:00:00,2014-06-14 21:51:00,1,0,1.0,75,SUCCESS,,
Dishwasher_2014-06-15_01,Dishwasher,2014-06-15 15:39:00,2014-06-15 17:32:00,2014-06-15 15:44:00,2014-06-15 17:37:00,1,0,1.0,5,SUCCESS,,
Dishwasher_2014-06-17_01,Dishwasher,2014-06-17 11:56:00,2014-06-17 13:48:00,2014-06-17 13:00:00,2014-06-17 14:52:00,1,0,1.0,64,SUCCESS,,
Dishwasher_2014-06-17_04,Dishwasher,2014-06-17 22:06:00,2014-06-17 23:56:00,2014-06-18 06:00:00,2014-06-18 07:50:00,1,0,1.0,894,SUCCESS,,
Dishwasher_2014-06-19_01,Dishwasher,2014-06-19 11:01:00,2014-06-19 12:56:00,2014-06-19 13:00:00,2014-06-19 14:55:00,1,0,1.0,119,SUCCESS,,
Dishwasher_2014-06-19_05,Dishwasher,2014-06-19 18:56:00,2014-06-19 20:46:00,2014-06-19 20:00:00,2014-06-19 21:50:00,1,0,1.0,64,SUCCESS,,
Dishwasher_2014-06-21_01,Dishwasher,2014-06-21 10:38:00,2014-06-21 12:30:00,2014-06-21 13:00:00,2014-06-21 14:52:00,1,0,1.0,142,SUCCESS,,
Dishwasher_2014-06-21_04,Dishwasher,2014-06-21 21:54:00,2014-06-21 23:43:00,2014-06-22 06:00:00,2014-06-22 07:49:00,1,0,1.0,906,SUCCESS,,
Dishwasher_2014-06-22_02,Dishwasher,2014-06-22 19:34:00,2014-06-22 21:25:00,2014-06-22 20:00:00,2014-06-22 21:51:00,0,0,0.1,26,SUCCESS,,
Dishwasher_2014-06-23_01,Dishwasher,2014-06-23 19:59:00,2014-06-23 21:48:00,2014-06-23 20:04:00,2014-06-23 21:53:00,0,0,0.1,5,SUCCESS,,
Dishwasher_2014-06-24_01,Dishwasher,2014-06-24 18:16:00,2014-06-24 20:06:00,2014-06-24 20:00:00,2014-06-24 21:50:00,1,0,1.0,104,SUCCESS,,
Dishwasher_2014-06-25_01,Dishwasher,2014-06-25 18:44:00,2014-06-25 20:36:00,2014-06-25 20:00:00,2014-06-25 21:52:00,1,0,1.0,76,SUCCESS,,
Dishwasher_2014-06-26_01,Dishwasher,2014-06-26 19:38:00,2014-06-26 21:30:00,2014-06-26 20:00:00,2014-06-26 21:52:00,0,0,0.1,22,SUCCESS,,
Dishwasher_2014-06-30_01,Dishwasher,2014-06-30 16:00:00,2014-06-30 17:54:00,2014-06-30 20:00:00,2014-06-30 21:54:00,1,0,1.0,240,SUCCESS,,
Dishwasher_2014-07-01_01,Dishwasher,2014-07-01 11:56:00,2014-07-01 13:46:00,2014-07-01 13:00:00,2014-07-01 14:50:00,1,0,1.0,64,SUCCESS,,
Dishwasher_2014-07-02_01,Dishwasher,2014-07-02 15:44:00,2014-07-02 17:37:00,2014-07-02 15:49:00,2014-07-02 17:42:00,1,0,1.0,5,SUCCESS,,
Dishwasher_2014-07-03_01,Dishwasher,2014-07-03 09:46:00,2014-07-03 11:36:00,2014-07-03 13:00:00,2014-07-03 14:50:00,1,0,1.0,194,SUCCESS,,
Dishwasher_2014-07-03_04,Dishwasher,2014-07-03 21:48:00,2014-07-03 23:38:00,2014-07-04 06:00:00,2014-07-04 07:50:00,1,0,1.0,912,SUCCESS,,
Dishwasher_2014-07-05_01,Dishwasher,2014-07-05 06:48:00,2014-07-05 08:37:00,2014-07-05 13:00:00,2014-07-05 14:49:00,1,0,1.0,372,SUCCESS,,
Dishwasher_2014-07-06_01,Dishwasher,2014-07-06 07:29:00,2014-07-06 08:01:00,2014-07-06 13:00:00,2014-07-06 13:32:00,1,0,1.0,331,SUCCESS,,
Dishwasher_2014-07-06_02,Dishwasher,2014-07-06 19:25:00,2014-07-06 19:58:00,2014-07-06 20:00:00,2014-07-06 20:33:00,1,0,1.0,35,SUCCESS,,
Dishwasher_2014-07-07_01,Dishwasher,2014-07-07 21:39:00,2014-07-07 23:28:00,2014-07-08 13:00:00,2014-07-08 14:49:00,1,0,1.0,921,SUCCESS,,
Dishwasher_2014-07-09_01,Dishwasher,2014-07-09 06:40:00,2014-07-09 08:31:00,2014-07-09 13:00:00,2014-07-09 14:51:00,1,0,1.0,380,SUCCESS,,
Dishwasher_2014-07-10_01,Dishwasher,2014-07-10 12:42:00,2014-07-10 14:32:00,2014-07-10 13:00:00,2014-07-10 14:50:00,0,0,0.1,18,SUCCESS,,
Dishwasher_2014-07-11_01,Dishwasher,2014-07-11 11:06:00,2014-07-11 12:57:00,2014-07-11 13:00:00,2014-07-11 14:51:00,1,0,1.0,114,SUCCESS,,
Dishwasher_2014-07-12_01,Dishwasher,2014-07-12 06:00:00,2014-07-12 07:49:00,2014-07-12 13:00:00,2014-07-12 14:49:00,1,0,1.0,420,SUCCESS,,
Dishwasher_2014-07-12_04,Dishwasher,2014-07-12 18:27:00,2014-07-12 18:48:00,2014-07-12 20:00:00,2014-07-12 20:21:00,1,0,1.0,93,SUCCESS,,
Dishwasher_2014-07-12_05,Dishwasher,2014-07-12 18:53:00,2014-07-12 20:21:00,2014-07-12 20:21:00,2014-07-12 21:49:00,1,0,1.0,67,SUCCESS,,
Dishwasher_2014-07-13_01,Dishwasher,2014-07-13 17:11:00,2014-07-13 17:40:00,2014-07-13 20:00:00,2014-07-13 20:29:00,1,0,1.0,169,SUCCESS,,
Dishwasher_2014-07-13_02,Dishwasher,2014-07-13 19:12:00,2014-07-13 19:40:00,2014-07-13 20:29:00,2014-07-13 20:57:00,1,0,1.0,48,SUCCESS,,
Dishwasher_2014-07-14_01,Dishwasher,2014-07-14 18:56:00,2014-07-14 20:48:00,2014-07-14 20:00:00,2014-07-14 21:52:00,1,0,1.0,64,SUCCESS,,
Dishwasher_2014-07-16_01,Dishwasher,2014-07-16 06:29:00,2014-07-16 08:19:00,2014-07-16 13:00:00,2014-07-16 14:50:00,1,0,1.0,391,SUCCESS,,
Dishwasher_2014-07-17_01,Dishwasher,2014-07-17 12:31:00,2014-07-17 14:20:00,2014-07-17 13:00:00,2014-07-17 14:49:00,0,0,0.1,29,SUCCESS,,
Dishwasher_2014-07-18_01,Dishwasher,2014-07-18 15:44:00,2014-07-18 17:34:00,2014-07-18 15:49:00,2014-07-18 17:39:00,1,0,1.0,5,SUCCESS,,
Dishwasher_2014-07-19_01,Dishwasher,2014-07-19 16:59:00,2014-07-19 18:50:00,2014-07-19 20:00:00,2014-07-19 21:51:00,1,0,1.0,181,SUCCESS,,
Dishwasher_2014-07-20_01,Dishwasher,2014-07-20 22:29:00,2014-07-21 00:16:00,2014-07-21 13:00:00,2014-07-21 14:47:00,1,0,1.0,871,SUCCESS,,
Dishwasher_2014-07-21_03,Dishwasher,2014-07-21 17:38:00,2014-07-21 18:08:00,2014-07-21 20:00:00,2014-07-21 20:30:00,1,0,1.0,142,SUCCESS,,
Dishwasher_2014-07-21_04,Dishwasher,2014-07-21 18:13:00,2014-07-21 18:38:00,2014-07-21 20:30:00,2014-07-21 20:55:00,1,0,1.0,107,SUCCESS,,
Dishwasher_2014-07-22_01,Dishwasher,2014-07-22 17:18:00,2014-07-22 19:07:00,2014-07-22 20:00:00,2014-07-22 21:49:00,1,0,1.0,162,SUCCESS,,
Dishwasher_2014-07-23_01,Dishwasher,2014-07-23 18:52:00,2014-07-23 20:42:00,2014-07-23 20:00:00,2014-07-23 21:50:00,1,0,1.0,68,SUCCESS,,
Dishwasher_2014-07-24_01,Dishwasher,2014-07-24 20:14:00,2014-07-24 22:02:00,2014-07-24 20:19:00,2014-07-24 22:07:00,0,0,0.1,5,SUCCESS,,
Dishwasher_2014-07-25_01,Dishwasher,2014-07-25 17:30:00,2014-07-25 19:17:00,2014-07-25 20:00:00,2014-07-25 21:47:00,1,0,1.0,150,SUCCESS,,
Dishwasher_2014-08-03_01,Dishwasher,2014-08-03 10:16:00,2014-08-03 12:03:00,2014-08-03 13:00:00,2014-08-03 14:47:00,1,0,1.0,164,SUCCESS,,
Dishwasher_2014-08-03_04,Dishwasher,2014-08-03 17:05:00,2014-08-03 18:56:00,2014-08-03 20:00:00,2014-08-03 21:51:00,1,0,1.0,175,SUCCESS,,
Dishwasher_2014-08-04_01,Dishwasher,2014-08-04 21:19:00,2014-08-04 23:07:00,2014-08-04 21:24:00,2014-08-04 23:12:00,1,0,1.0,5,SUCCESS,,
Dishwasher_2014-08-06_01,Dishwasher,2014-08-06 06:25:00,2014-08-06 08:15:00,2014-08-06 13:00:00,2014-08-06 14:50:00,1,0,1.0,395,SUCCESS,,
Dishwasher_2014-08-07_01,Dishwasher,2014-08-07 10:24:00,2014-08-07 12:13:00,2014-08-07 13:00:00,2014-08-07 14:49:00,1,0,1.0,156,SUCCESS,,
Dishwasher_2014-08-08_01,Dishwasher,2014-08-08 07:27:00,2014-08-08 09:18:00,2014-08-08 13:00:00,2014-08-08 14:51:00,1,0,1.0,333,SUCCESS,,
Dishwasher_2014-08-09_01,Dishwasher,2014-08-09 08:13:00,2014-08-09 10:02:00,2014-08-09 13:00:00,2014-08-09 14:49:00,1,0,1.0,287,SUCCESS,,
Dishwasher_2014-08-09_04,Dishwasher,2014-08-09 21:22:00,2014-08-09 23:10:00,2014-08-10 06:00:00,2014-08-10 07:48:00,1,0,1.0,5,SUCCESS,,
Dishwasher_2014-08-11_01,Dishwasher,2014-08-11 09:54:00,2014-08-11 11:42:00,2014-08-11 13:00:00,2014-08-11 14:48:00,1,0,1.0,186,SUCCESS,,
Dishwasher_2014-08-12_01,Dishwasher,2014-08-12 07:58:00,2014-08-12 09:49:00,2014-08-12 13:00:00,2014-08-12 14:51:00,1,0,1.0,302,SUCCESS,,
Dishwasher_2014-08-13_01,Dishwasher,2014-08-13 08:06:00,2014-08-13 09:56:00,2014-08-13 13:00:00,2014-08-13 14:50:00,1,0,1.0,294,SUCCESS,,
Dishwasher_2014-08-13_04,Dishwasher,2014-08-13 17:43:00,2014-08-13 19:33:00,2014-08-13 20:00:00,2014-08-13 21:50:00,1,0,1.0,137,SUCCESS,,
Dishwasher_2014-08-17_01,Dishwasher,2014-08-17 16:50:00,2014-08-17 18:41:00,2014-08-17 20:00:00,2014-08-17 21:51:00,1,0,1.0,190,SUCCESS,,
Dishwasher_2014-08-18_01,Dishwasher,2014-08-18 11:40:00,2014-08-18 13:31:00,2014-08-18 13:00:00,2014-08-18 14:51:00,1,0,1.0,80,SUCCESS,,
Dishwasher_2014-08-19_01,Dishwasher,2014-08-19 08:07:00,2014-08-19 09:58:00,2014-08-19 13:00:00,2014-08-19 14:51:00,1,0,1.0,293,SUCCESS,,
Dishwasher_2014-08-20_01,Dishwasher,2014-08-20 08:35:00,2014-08-20 10:29:00,2014-08-20 13:00:00,2014-08-20 14:54:00,1,0,1.0,265,SUCCESS,,
Dishwasher_2014-08-21_01,Dishwasher,2014-08-21 11:49:00,2014-08-21 13:42:00,2014-08-21 13:00:00,2014-08-21 14:53:00,1,0,1.0,71,SUCCESS,,
Dishwasher_2014-09-01_01,Dishwasher,2014-09-01 19:32:00,2014-09-01 21:23:00,2014-09-01 20:00:00,2014-09-01 21:51:00,0,0,0.1,28,SUCCESS,,
Dishwasher_2014-09-03_01,Dishwasher,2014-09-03 19:34:00,2014-09-03 21:27:00,2014-09-03 20:00:00,2014-09-03 21:53:00,0,0,0.1,26,SUCCESS,,
Dishwasher_2014-09-04_01,Dishwasher,2014-09-04 17:04:00,2014-09-04 18:56:00,2014-09-04 20:00:00,2014-09-04 21:52:00,1,0,1.0,176,SUCCESS,,
Dishwasher_2014-09-05_01,Dishwasher,2014-09-05 17:41:00,2014-09-05 19:32:00,2014-09-05 20:00:00,2014-09-05 21:51:00,1,0,1.0,139,SUCCESS,,
Dishwasher_2014-09-08_01,Dishwasher,2014-09-08 07:53:00,2014-09-08 09:44:00,2014-09-08 13:00:00,2014-09-08 14:51:00,1,0,1.0,307,SUCCESS,,
Dishwasher_2014-09-08_04,Dishwasher,2014-09-08 21:24:00,2014-09-08 23:16:00,2014-09-09 06:00:00,2014-09-09 07:52:00,1,0,1.0,5,SUCCESS,,
Dishwasher_2014-09-10_01,Dishwasher,2014-09-10 12:37:00,2014-09-10 14:27:00,2014-09-10 13:00:00,2014-09-10 14:50:00,0,0,0.1,23,SUCCESS,,
Dishwasher_2014-09-11_01,Dishwasher,2014-09-11 16:44:00,2014-09-11 18:35:00,2014-09-11 20:00:00,2014-09-11 21:51:00,1,0,1.0,196,SUCCESS,,
Dishwasher_2014-09-15_01,Dishwasher,2014-09-15 11:41:00,2014-09-15 13:34:00,2014-09-15 13:00:00,2014-09-15 14:53:00,1,0,1.0,79,SUCCESS,,
Dishwasher_2014-09-16_01,Dishwasher,2014-09-16 19:51:00,2014-09-16 21:42:00,2014-09-16 20:00:00,2014-09-16 21:51:00,0,0,0.1,9,SUCCESS,,
Dishwasher_2014-09-17_01,Dishwasher,2014-09-17 12:41:00,2014-09-17 13:09:00,2014-09-17 13:00:00,2014-09-17 13:28:00,1,0,1.0,19,SUCCESS,,
Dishwasher_2014-09-17_02,Dishwasher,2014-09-17 16:21:00,2014-09-17 16:50:00,2014-09-17 20:00:00,2014-09-17 20:29:00,1,0,1.0,219,SUCCESS,,
Dishwasher_2014-09-18_01,Dishwasher,2014-09-18 07:36:00,2014-09-18 08:07:00,2014-09-18 13:00:00,2014-09-18 13:31:00,1,0,1.0,324,SUCCESS,,
Dishwasher_2014-09-19_01,Dishwasher,2014-09-19 11:58:00,2014-09-19 12:28:00,2014-09-19 13:00:00,2014-09-19 13:30:00,1,0,1.0,62,SUCCESS,,
Dishwasher_2014-09-20_01,Dishwasher,2014-09-20 06:41:00,2014-09-20 08:33:00,2014-09-20 13:00:00,2014-09-20 14:52:00,1,0,1.0,379,SUCCESS,,
Dishwasher_2014-09-20_03,Dishwasher,2014-09-20 18:39:00,2014-09-20 20:31:00,2014-09-20 20:00:00,2014-09-20 21:52:00,1,0,1.0,81,SUCCESS,,
Dishwasher_2014-09-21_02,Dishwasher,2014-09-21 17:23:00,2014-09-21 19:14:00,2014-09-21 20:00:00,2014-09-21 21:51:00,1,0,1.0,157,SUCCESS,,
Dishwasher_2014-09-22_01,Dishwasher,2014-09-22 19:05:00,2014-09-22 20:56:00,2014-09-22 20:00:00,2014-09-22 21:51:00,0,0,0.1,55,SUCCESS,,
Dishwasher_2014-09-24_01,Dishwasher,2014-09-24 07:01:00,2014-09-24 08:56:00,2014-09-24 13:00:00,2014-09-24 14:55:00,1,0,1.0,359,SUCCESS,,
Dishwasher_2014-09-25_01,Dishwasher,2014-09-25 06:13:00,2014-09-25 08:05:00,2014-09-25 13:00:00,2014-09-25 14:52:00,1,0,1.0,407,SUCCESS,,
Dishwasher_2014-09-26_01,Dishwasher,2014-09-26 06:32:00,2014-09-26 08:23:00,2014-09-26 13:00:00,2014-09-26 14:51:00,1,0,1.0,388,SUCCESS,,
Dishwasher_2014-09-26_04,Dishwasher,2014-09-26 17:49:00,2014-09-26 19:41:00,2014-09-26 20:00:00,2014-09-26 21:52:00,1,0,1.0,131,SUCCESS,,
Dishwasher_2014-09-27_01,Dishwasher,2014-09-27 15:46:00,2014-09-27 17:05:00,2014-09-27 15:51:00,2014-09-27 17:10:00,1,0,1.0,5,SUCCESS,,
Dishwasher_2014-09-28_01,Dishwasher,2014-09-28 08:56:00,2014-09-28 09:32:00,2014-09-28 13:00:00,2014-09-28 13:36:00,1,0,1.0,244,SUCCESS,,
Dishwasher_2014-09-28_02,Dishwasher,2014-09-28 15:12:00,2014-09-28 16:24:00,2014-09-28 20:00:00,2014-09-28 21:12:00,0,0,0.1,5,SUCCESS,,
Dishwasher_2014-09-29_01,Dishwasher,2014-09-29 07:17:00,2014-09-29 07:46:00,2014-09-29 13:00:00,2014-09-29 13:29:00,1,0,1.0,343,SUCCESS,,
Dishwasher_2014-09-29_02,Dishwasher,2014-09-29 07:55:00,2014-09-29 09:39:00,2014-09-29 13:29:00,2014-09-29 15:13:00,1,0,1.0,305,SUCCESS,,
Dishwasher_2014-09-30_01,Dishwasher,2014-09-30 08:02:00,2014-09-30 09:54:00,2014-09-30 13:00:00,2014-09-30 14:52:00,1,0,1.0,298,SUCCESS,,
Dishwasher_2014-09-30_05,Dishwasher,2014-09-30 21:50:00,2014-09-30 23:40:00,2014-10-01 06:00:00,2014-10-01 07:50:00,1,0,1.0,910,SUCCESS,,
Dishwasher_2014-10-01_02,Dishwasher,2014-10-01 18:44:00,2014-10-01 20:35:00,2014-10-01 20:00:00,2014-10-01 21:51:00,1,0,1.0,76,SUCCESS,,
Dishwasher_2014-10-02_01,Dishwasher,2014-10-02 21:33:00,2014-10-02 23:22:00,2014-10-02 21:38:00,2014-10-02 23:27:00,1,0,1.0,5,SUCCESS,,
Dishwasher_2014-10-03_01,Dishwasher,2014-10-03 19:24:00,2014-10-03 21:16:00,2014-10-03 20:00:00,2014-10-03 21:52:00,0,0,0.1,36,SUCCESS,,
Dishwasher_2014-10-06_01,Dishwasher,2014-10-06 12:46:00,2014-10-06 14:40:00,2014-10-06 13:00:00,2014-10-06 14:54:00,0,0,0.1,14,SUCCESS,,
Dishwasher_2014-10-06_04,Dishwasher,2014-10-06 22:47:00,2014-10-07 00:39:00,2014-10-07 06:00:00,2014-10-07 07:52:00,1,0,1.0,853,SUCCESS,,
Dishwasher_2014-10-07_03,Dishwasher,2014-10-07 18:29:00,2014-10-07 20:22:00,2014-10-07 20:00:00,2014-10-07 21:53:00,1,0,1.0,91,SUCCESS,,
Dishwasher_2014-10-08_01,Dishwasher,2014-10-08 17:38:00,2014-10-08 19:36:00,2014-10-08 20:00:00,2014-10-08 21:58:00,1,0,1.0,142,SUCCESS,,
Dishwasher_2014-10-10_01,Dishwasher,2014-10-10 07:18:00,2014-10-10 09:12:00,2014-10-10 13:00:00,2014-10-10 14:54:00,1,0,1.0,342,SUCCESS,,
Dishwasher_2014-10-11_01,Dishwasher,2014-10-11 09:36:00,2014-10-11 11:30:00,2014-10-11 13:00:00,2014-10-11 14:54:00,1,0,1.0,204,SUCCESS,,
Dishwasher_2014-10-12_01,Dishwasher,2014-10-12 15:58:00,2014-10-12 17:53:00,2014-10-12 20:00:00,2014-10-12 21:55:00,1,0,1.0,242,SUCCESS,,
Dishwasher_2014-10-12_04,Dishwasher,2014-10-12 22:00:00,2014-10-12 23:54:00,2014-10-13 06:00:00,2014-10-13 07:54:00,1,0,1.0,900,SUCCESS,,
Dishwasher_2014-10-13_02,Dishwasher,2014-10-13 18:50:00,2014-10-13 20:45:00,2014-10-13 20:00:00,2014-10-13 21:55:00,1,0,1.0,70,SUCCESS,,
Dishwasher_2014-10-14_01,Dishwasher,2014-10-14 16:54:00,2014-10-14 18:49:00,2014-10-14 20:00:00,2014-10-14 21:55:00,1,0,1.0,186,SUCCESS,,
Dishwasher_2014-10-15_01,Dishwasher,2014-10-15 17:51:00,2014-10-15 19:47:00,2014-10-15 20:00:00,2014-10-15 21:56:00,1,0,1.0,129,SUCCESS,,
Dishwasher_2014-10-16_01,Dishwasher,2014-10-16 18:15:00,2014-10-16 20:10:00,2014-10-16 20:00:00,2014-10-16 21:55:00,1,0,1.0,105,SUCCESS,,
Dishwasher_2014-10-19_01,Dishwasher,2014-10-19 21:47:00,2014-10-19 23:38:00,2014-10-20 13:00:00,2014-10-20 14:51:00,1,0,1.0,913,SUCCESS,,
Dishwasher_2014-10-21_01,Dishwasher,2014-10-21 07:49:00,2014-10-21 09:44:00,2014-10-21 13:00:00,2014-10-21 14:55:00,1,0,1.0,311,SUCCESS,,
Dishwasher_2014-10-21_04,Dishwasher,2014-10-21 19:44:00,2014-10-21 21:37:00,2014-10-21 20:00:00,2014-10-21 21:53:00,0,0,0.1,16,SUCCESS,,
Dishwasher_2014-10-22_01,Dishwasher,2014-10-22 18:11:00,2014-10-22 20:07:00,2014-10-22 20:00:00,2014-10-22 21:56:00,1,0,1.0,109,SUCCESS,,
Dishwasher_2014-10-23_01,Dishwasher,2014-10-23 17:43:00,2014-10-23 19:37:00,2014-10-23 20:00:00,2014-10-23 21:54:00,1,0,1.0,137,SUCCESS,,
Dishwasher_2014-10-24_02,Dishwasher,2014-10-24 19:46:00,2014-10-24 21:39:00,2014-10-24 20:00:00,2014-10-24 21:53:00,0,0,0.1,14,SUCCESS,,
Dishwasher_2014-10-25_01,Dishwasher,2014-10-25 12:28:00,2014-10-25 14:20:00,2014-10-25 13:00:00,2014-10-25 14:52:00,0,0,0.1,32,SUCCESS,,
Dishwasher_2014-10-26_01,Dishwasher,2014-10-26 18:06:00,2014-10-26 19:58:00,2014-10-26 20:00:00,2014-10-26 21:52:00,1,0,1.0,114,SUCCESS,,
Dishwasher_2014-10-28_01,Dishwasher,2014-10-28 18:31:00,2014-10-28 20:25:00,2014-10-28 20:00:00,2014-10-28 21:54:00,1,0,1.0,89,SUCCESS,,
Dishwasher_2014-10-29_01,Dishwasher,2014-10-29 19:11:00,2014-10-29 21:05:00,2014-10-29 20:00:00,2014-10-29 21:54:00,0,0,0.1,49,SUCCESS,,
Dishwasher_2014-10-30_01,Dishwasher,2014-10-30 17:58:00,2014-10-30 19:51:00,2014-10-30 20:00:00,2014-10-30 21:53:00,1,0,1.0,122,SUCCESS,,
Dishwasher_2014-10-31_01,Dishwasher,2014-10-31 17:58:00,2014-10-31 19:50:00,2014-10-31 20:00:00,2014-10-31 21:52:00,1,0,1.0,122,SUCCESS,,
Dishwasher_2014-11-05_01,Dishwasher,2014-11-05 21:00:00,2014-11-05 22:57:00,2014-11-05 21:05:00,2014-11-05 23:02:00,0,0,0.1,5,SUCCESS,,
Dishwasher_2014-11-06_01,Dishwasher,2014-11-06 21:00:00,2014-11-06 22:55:00,2014-11-06 21:05:00,2014-11-06 23:00:00,0,0,0.1,5,SUCCESS,,
Dishwasher_2014-11-07_01,Dishwasher,2014-11-07 14:00:00,2014-11-07 16:07:00,2014-11-07 14:05:00,2014-11-07 16:12:00,0,0,0.1,5,SUCCESS,,
Dishwasher_2014-11-11_01,Dishwasher,2014-11-11 10:30:00,2014-11-11 12:28:00,2014-11-11 13:00:00,2014-11-11 14:58:00,1,0,1.0,150,SUCCESS,,
Dishwasher_2014-11-11_04,Dishwasher,2014-11-11 19:39:00,2014-11-11 20:21:00,2014-11-11 20:00:00,2014-11-11 20:42:00,0,0,0.1,21,SUCCESS,,
Dishwasher_2014-11-13_01,Dishwasher,2014-11-13 08:56:00,2014-11-13 10:50:00,2014-11-13 13:00:00,2014-11-13 14:54:00,1,0,1.0,244,SUCCESS,,
Dishwasher_2014-11-14_01,Dishwasher,2014-11-14 17:29:00,2014-11-14 19:23:00,2014-11-14 20:00:00,2014-11-14 21:54:00,1,0,1.0,151,SUCCESS,,
Dishwasher_2014-11-16_01,Dishwasher,2014-11-16 08:38:00,2014-11-16 10:36:00,2014-11-16 13:00:00,2014-11-16 14:58:00,1,0,1.0,262,SUCCESS,,
Dishwasher_2014-11-16_04,Dishwasher,2014-11-16 18:13:00,2014-11-16 20:05:00,2014-11-16 20:00:00,2014-11-16 21:52:00,1,0,1.0,107,SUCCESS,,
Dishwasher_2014-11-17_01,Dishwasher,2014-11-17 19:28:00,2014-11-17 21:20:00,2014-11-17 20:00:00,2014-11-17 21:52:00,0,0,0.1,32,SUCCESS,,
Dishwasher_2014-11-18_01,Dishwasher,2014-11-18 18:27:00,2014-11-18 20:23:00,2014-11-18 20:00:00,2014-11-18 21:56:00,1,0,1.0,93,SUCCESS,,
Dishwasher_2014-11-19_01,Dishwasher,2014-11-19 18:12:00,2014-11-19 20:09:00,2014-11-19 20:00:00,2014-11-19 21:57:00,1,0,1.0,108,SUCCESS,,
Dishwasher_2014-11-20_01,Dishwasher,2014-11-20 12:31:00,2014-11-20 14:24:00,2014-11-20 13:00:00,2014-11-20 14:53:00,0,0,0.1,29,SUCCESS,,
Dishwasher_2014-11-21_01,Dishwasher,2014-11-21 15:01:00,2014-11-21 16:56:00,2014-11-21 15:06:00,2014-11-21 17:01:00,0,0,0.1,5,SUCCESS,,
Dishwasher_2014-11-22_01,Dishwasher,2014-11-22 11:40:00,2014-11-22 13:34:00,2014-11-22 13:00:00,2014-11-22 14:54:00,1,0,1.0,80,SUCCESS,,
Dishwasher_2014-11-22_04,Dishwasher,2014-11-22 17:57:00,2014-11-22 19:50:00,2014-11-22 20:00:00,2014-11-22 21:53:00,1,0,1.0,123,SUCCESS,,
Dishwasher_2014-11-23_01,Dishwasher,2014-11-23 14:14:00,2014-11-23 16:09:00,2014-11-23 14:19:00,2014-11-23 16:14:00,0,0,0.1,5,SUCCESS,,
Dishwasher_2014-11-25_01,Dishwasher,2014-11-25 15:55:00,2014-11-25 17:51:00,2014-11-25 20:00:00,2014-11-25 21:56:00,1,0,1.0,245,SUCCESS,,
Dishwasher_2014-11-25_04,Dishwasher,2014-11-25 22:45:00,2014-11-26 00:42:00,2014-11-26 06:00:00,2014-11-26 07:57:00,1,0,1.0,855,SUCCESS,,
Dishwasher_2014-11-26_04,Dishwasher,2014-11-26 19:49:00,2014-11-26 21:44:00,2014-11-26 20:00:00,2014-11-26 21:55:00,0,0,0.1,11,SUCCESS,,
Dishwasher_2014-11-27_01,Dishwasher,2014-11-27 20:21:00,2014-11-27 22:16:00,2014-11-27 20:26:00,2014-11-27 22:21:00,0,0,0.1,5,SUCCESS,,
Dishwasher_2014-11-28_01,Dishwasher,2014-11-28 15:31:00,2014-11-28 17:23:00,2014-11-28 15:36:00,2014-11-28 17:28:00,1,0,1.0,5,SUCCESS,,
Dishwasher_2014-11-29_02,Dishwasher,2014-11-29 15:38:00,2014-11-29 17:36:00,2014-11-29 20:00:00,2014-11-29 21:58:00,1,0,1.0,5,SUCCESS,,
Dishwasher_2014-12-01_01,Dishwasher,2014-12-01 12:51:00,2014-12-01 14:50:00,2014-12-01 13:00:00,2014-12-01 14:59:00,0,0,0.1,9,SUCCESS,,
Dishwasher_2014-12-02_01,Dishwasher,2014-12-02 08:10:00,2014-12-02 10:08:00,2014-12-02 13:00:00,2014-12-02 14:58:00,1,0,1.0,290,SUCCESS,,
Dishwasher_2014-12-03_01,Dishwasher,2014-12-03 09:51:00,2014-12-03 10:47:00,2014-12-03 13:00:00,2014-12-03 13:56:00,1,0,1.0,189,SUCCESS,,
Dishwasher_2014-12-05_01,Dishwasher,2014-12-05 07:57:00,2014-12-05 10:41:00,2014-12-05 13:00:00,2014-12-05 15:44:00,1,0,1.0,303,SUCCESS,,
Dishwasher_2014-12-08_01,Dishwasher,2014-12-08 18:08:00,2014-12-08 20:04:00,2014-12-08 20:00:00,2014-12-08 21:56:00,1,0,1.0,112,SUCCESS,,
Dishwasher_2014-12-09_01,Dishwasher,2014-12-09 18:12:00,2014-12-09 20:10:00,2014-12-09 20:00:00,2014-12-09 21:58:00,1,0,1.0,108,SUCCESS,,
Dishwasher_2014-12-10_01,Dishwasher,2014-12-10 20:15:00,2014-12-10 22:12:00,2014-12-10 20:20:00,2014-12-10 22:17:00,0,0,0.1,5,SUCCESS,,
Dishwasher_2014-12-11_01,Dishwasher,2014-12-11 22:31:00,2014-12-12 00:25:00,2014-12-12 13:00:00,2014-12-12 14:54:00,1,0,1.0,869,SUCCESS,,
Dishwasher_2014-12-13_01,Dishwasher,2014-12-13 09:15:00,2014-12-13 11:13:00,2014-12-13 13:00:00,2014-12-13 14:58:00,1,0,1.0,225,SUCCESS,,
Dishwasher_2014-12-13_04,Dishwasher,2014-12-13 17:30:00,2014-12-13 19:28:00,2014-12-13 20:00:00,2014-12-13 21:58:00,1,0,1.0,150,SUCCESS,,
Dishwasher_2014-12-14_01,Dishwasher,2014-12-14 21:10:00,2014-12-14 23:05:00,2014-12-14 21:15:00,2014-12-14 23:10:00,1,0,1.0,5,SUCCESS,,
Dishwasher_2014-12-15_01,Dishwasher,2014-12-15 15:37:00,2014-12-15 17:31:00,2014-12-15 15:42:00,2014-12-15 17:36:00,1,0,1.0,5,SUCCESS,,
Dishwasher_2014-12-16_01,Dishwasher,2014-12-16 17:48:00,2014-12-16 19:45:00,2014-12-16 20:00:00,2014-12-16 21:57:00,1,0,1.0,132,SUCCESS,,
Dishwasher_2014-12-17_03,Dishwasher,2014-12-17 20:31:00,2014-12-17 22:25:00,2014-12-17 20:36:00,2014-12-17 22:30:00,0,0,0.1,5,SUCCESS,,
Dishwasher_2014-12-19_01,Dishwasher,2014-12-19 10:37:00,2014-12-19 10:44:00,2014-12-19 13:00:00,2014-12-19 13:07:00,1,0,1.0,143,SUCCESS,,
Dishwasher_2014-12-20_01,Dishwasher,2014-12-20 07:02:00,2014-12-20 08:59:00,2014-12-20 13:00:00,2014-12-20 14:57:00,1,0,1.0,358,SUCCESS,,
Dishwasher_2014-12-20_04,Dishwasher,2014-12-20 16:33:00,2014-12-20 18:30:00,2014-12-20 20:00:00,2014-12-20 21:57:00,1,0,1.0,207,SUCCESS,,
Dishwasher_2014-12-21_01,Dishwasher,2014-12-21 14:50:00,2014-12-21 16:47:00,2014-12-21 14:55:00,2014-12-21 16:52:00,0,0,0.1,5,SUCCESS,,
Dishwasher_2014-12-22_03,Dishwasher,2014-12-22 17:55:00,2014-12-22 19:51:00,2014-12-22 20:00:00,2014-12-22 21:56:00,1,0,1.0,125,SUCCESS,,
Dishwasher_2014-12-24_01,Dishwasher,2014-12-24 18:52:00,2014-12-24 18:59:00,2014-12-24 20:00:00,2014-12-24 20:07:00,1,0,1.0,68,SUCCESS,,
Dishwasher_2014-12-24_05,Dishwasher,2014-12-24 23:27:00,2014-12-25 05:19:00,2014-12-25 06:00:00,2014-12-25 11:52:00,1,0,1.0,813,SUCCESS,,
Dishwasher_2014-12-25_01,Dishwasher,2014-12-25 11:58:00,2014-12-25 13:54:00,2014-12-25 13:00:00,2014-12-25 14:56:00,1,0,1.0,62,SUCCESS,,
Dishwasher_2014-12-25_04,Dishwasher,2014-12-25 18:33:00,2014-12-25 20:28:00,2014-12-25 20:00:00,2014-12-25 21:55:00,1,0,1.0,87,SUCCESS,,
Dishwasher_2014-12-25_06,Dishwasher,2014-12-25 22:06:00,2014-12-25 23:59:00,2014-12-26 06:00:00,2014-12-26 07:53:00,1,0,1.0,894,SUCCESS,,
Dishwasher_2014-12-26_03,Dishwasher,2014-12-26 11:27:00,2014-12-26 13:25:00,2014-12-26 13:00:00,2014-12-26 14:58:00,1,0,1.0,93,SUCCESS,,
Dishwasher_2014-12-26_07,Dishwasher,2014-12-26 22:00:00,2014-12-26 22:34:00,2014-12-27 13:00:00,2014-12-27 13:34:00,1,0,1.0,900,SUCCESS,,
Dishwasher_2014-12-27_01,Dishwasher,2014-12-27 11:29:00,2014-12-27 12:06:00,2014-12-27 13:00:00,2014-12-27 13:37:00,1,0,1.0,91,SUCCESS,,
Dishwasher_2014-12-27_02,Dishwasher,2014-12-27 19:01:00,2014-12-27 19:36:00,2014-12-27 20:00:00,2014-12-27 20:35:00,1,0,1.0,59,SUCCESS,,
Dishwasher_2014-12-28_01,Dishwasher,2014-12-28 18:21:00,2014-12-28 20:19:00,2014-12-28 20:00:00,2014-12-28 21:58:00,1,0,1.0,99,SUCCESS,,
Dishwasher_2014-12-29_01,Dishwasher,2014-12-29 17:57:00,2014-12-29 19:53:00,2014-12-29 20:00:00,2014-12-29 21:56:00,1,0,1.0,123,SUCCESS,,
Dishwasher_2015-01-02_01,Dishwasher,2015-01-02 18:21:00,2015-01-02 20:18:00,2015-01-02 20:00:00,2015-01-02 21:57:00,1,0,1.0,99,SUCCESS,,
Dishwasher_2015-01-03_01,Dishwasher,2015-01-03 17:50:00,2015-01-03 19:46:00,2015-01-03 20:00:00,2015-01-03 21:56:00,1,0,1.0,130,SUCCESS,,
Dishwasher_2015-01-04_01,Dishwasher,2015-01-04 18:07:00,2015-01-04 18:41:00,2015-01-04 20:00:00,2015-01-04 20:34:00,1,0,1.0,113,SUCCESS,,
Dishwasher_2015-01-05_02,Dishwasher,2015-01-05 12:34:00,2015-01-05 14:34:00,2015-01-05 13:00:00,2015-01-05 15:00:00,0,0,0.1,26,SUCCESS,,
Dishwasher_2015-01-06_01,Dishwasher,2015-01-06 11:36:00,2015-01-06 12:00:00,2015-01-06 13:00:00,2015-01-06 13:24:00,1,0,1.0,84,SUCCESS,,
Dishwasher_2015-01-06_02,Dishwasher,2015-01-06 18:25:00,2015-01-06 20:21:00,2015-01-06 20:00:00,2015-01-06 21:56:00,1,0,1.0,95,SUCCESS,,
Dishwasher_2015-01-07_01,Dishwasher,2015-01-07 17:52:00,2015-01-07 19:52:00,2015-01-07 20:00:00,2015-01-07 22:00:00,1,0,1.0,128,SUCCESS,,
Dishwasher_2015-01-08_01,Dishwasher,2015-01-08 19:01:00,2015-01-08 20:58:00,2015-01-08 20:00:00,2015-01-08 21:57:00,1,0,1.0,59,SUCCESS,,
Dishwasher_2015-01-09_01,Dishwasher,2015-01-09 17:58:00,2015-01-09 19:52:00,2015-01-09 20:00:00,2015-01-09 21:54:00,1,0,1.0,122,SUCCESS,,
Dishwasher_2015-01-10_01,Dishwasher,2015-01-10 17:54:00,2015-01-10 19:51:00,2015-01-10 20:00:00,2015-01-10 21:57:00,1,0,1.0,126,SUCCESS,,
Dishwasher_2015-01-11_04,Dishwasher,2015-01-11 19:51:00,2015-01-11 21:48:00,2015-01-11 20:00:00,2015-01-11 21:57:00,0,0,0.1,9,SUCCESS,,
Dishwasher_2015-01-12_01,Dishwasher,2015-01-12 18:30:00,2015-01-12 20:26:00,2015-01-12 20:00:00,2015-01-12 21:56:00,1,0,1.0,90,SUCCESS,,
Dishwasher_2015-01-13_01,Dishwasher,2015-01-13 17:57:00,2015-01-13 19:55:00,2015-01-13 20:00:00,2015-01-13 21:58:00,1,0,1.0,123,SUCCESS,,
Dishwasher_2015-01-14_01,Dishwasher,2015-01-14 18:06:00,2015-01-14 20:04:00,2015-01-14 20:00:00,2015-01-14 21:58:00,1,0,1.0,114,SUCCESS,,
Dishwasher_2015-01-15_01,Dishwasher,2015-01-15 17:43:00,2015-01-15 19:45:00,2015-01-15 20:00:00,2015-01-15 22:02:00,1,0,1.0,137,SUCCESS,,
Dishwasher_2015-01-16_01,Dishwasher,2015-01-16 17:42:00,2015-01-16 19:45:00,2015-01-16 20:00:00,2015-01-16 22:03:00,1,0,1.0,138,SUCCESS,,
Dishwasher_2015-01-19_01,Dishwasher,2015-01-19 07:52:00,2015-01-19 09:50:00,2015-01-19 13:00:00,2015-01-19 14:58:00,1,0,1.0,308,SUCCESS,,
Dishwasher_2015-01-19_04,Dishwasher,2015-01-19 19:50:00,2015-01-19 21:47:00,2015-01-19 20:00:00,2015-01-19 21:57:00,0,0,0.1,10,SUCCESS,,
Dishwasher_2015-01-20_01,Dishwasher,2015-01-20 15:36:00,2015-01-20 17:36:00,2015-01-20 15:41:00,2015-01-20 17:41:00,1,0,1.0,5,SUCCESS,,
Dishwasher_2015-01-21_01,Dishwasher,2015-01-21 19:08:00,2015-01-21 21:07:00,2015-01-21 20:00:00,2015-01-21 21:59:00,0,0,0.1,52,SUCCESS,,
Dishwasher_2015-01-22_01,Dishwasher,2015-01-22 19:29:00,2015-01-22 21:27:00,2015-01-22 20:00:00,2015-01-22 21:58:00,0,0,0.1,31,SUCCESS,,
Dishwasher_2015-01-23_01,Dishwasher,2015-01-23 19:56:00,2015-01-23 21:52:00,2015-01-23 20:01:00,2015-01-23 21:57:00,0,0,0.1,5,SUCCESS,,
Dishwasher_2015-01-24_01,Dishwasher,2015-01-24 19:28:00,2015-01-24 21:27:00,2015-01-24 20:00:00,2015-01-24 21:59:00,0,0,0.1,32,SUCCESS,,
Dishwasher_2015-01-24_04,Dishwasher,2015-01-24 22:14:00,2015-01-25 00:10:00,2015-01-25 06:00:00,2015-01-25 07:56:00,1,0,1.0,886,SUCCESS,,
Dishwasher_2015-01-25_03,Dishwasher,2015-01-25 18:15:00,2015-01-25 20:12:00,2015-01-25 20:00:00,2015-01-25 21:57:00,1,0,1.0,105,SUCCESS,,
Dishwasher_2015-01-26_01,Dishwasher,2015-01-26 12:28:00,2015-01-26 14:29:00,2015-01-26 13:00:00,2015-01-26 15:01:00,0,0,0.1,32,SUCCESS,,
Dishwasher_2015-01-27_04,Dishwasher,2015-01-27 15:13:00,2015-01-27 17:11:00,2015-01-27 15:18:00,2015-01-27 17:16:00,1,0,1.0,5,SUCCESS,,
Dishwasher_2015-01-28_01,Dishwasher,2015-01-28 07:51:00,2015-01-28 09:50:00,2015-01-28 13:00:00,2015-01-28 14:59:00,1,0,1.0,309,SUCCESS,,
Dishwasher_2015-01-29_01,Dishwasher,2015-01-29 19:27:00,2015-01-29 21:25:00,2015-01-29 20:00:00,2015-01-29 21:58:00,0,0,0.1,33,SUCCESS,,
Dishwasher_2015-01-30_01,Dishwasher,2015-01-30 19:26:00,2015-01-30 21:24:00,2015-01-30 20:00:00,2015-01-30 21:58:00,0,0,0.1,34,SUCCESS,,
Dishwasher_2015-01-31_01,Dishwasher,2015-01-31 15:41:00,2015-01-31 17:41:00,2015-01-31 15:46:00,2015-01-31 17:46:00,1,0,1.0,5,SUCCESS,,
Dishwasher_2015-02-01_01,Dishwasher,2015-02-01 17:22:00,2015-02-01 19:20:00,2015-02-01 20:00:00,2015-02-01 21:58:00,1,0,1.0,158,SUCCESS,,
Dishwasher_2015-02-01_04,Dishwasher,2015-02-01 21:42:00,2015-02-01 23:35:00,2015-02-02 06:00:00,2015-02-02 07:53:00,1,0,1.0,918,SUCCESS,,
Dishwasher_2015-02-02_05,Dishwasher,2015-02-02 18:08:00,2015-02-02 20:09:00,2015-02-02 20:00:00,2015-02-02 22:01:00,1,0,1.0,112,SUCCESS,,
Dishwasher_2015-02-03_01,Dishwasher,2015-02-03 15:12:00,2015-02-03 17:13:00,2015-02-03 15:17:00,2015-02-03 17:18:00,1,0,1.0,5,SUCCESS,,
Dishwasher_2015-02-04_01,Dishwasher,2015-02-04 15:57:00,2015-02-04 17:10:00,2015-02-04 20:00:00,2015-02-04 21:13:00,1,0,1.0,243,SUCCESS,,
Dishwasher_2015-02-04_02,Dishwasher,2015-02-04 17:25:00,2015-02-04 18:16:00,2015-02-05 13:00:00,2015-02-05 13:51:00,1,0,1.0,155,SUCCESS,,
Dishwasher_2015-02-05_01,Dishwasher,2015-02-05 16:57:00,2015-02-05 18:58:00,2015-02-05 20:00:00,2015-02-05 22:01:00,1,0,1.0,183,SUCCESS,,
Dishwasher_2015-02-06_01,Dishwasher,2015-02-06 15:35:00,2015-02-06 17:37:00,2015-02-06 15:40:00,2015-02-06 17:42:00,1,0,1.0,5,SUCCESS,,
Dishwasher_2015-02-06_04,Dishwasher,2015-02-06 23:11:00,2015-02-07 01:12:00,2015-02-07 06:00:00,2015-02-07 08:01:00,1,0,1.0,829,SUCCESS,,
Dishwasher_2015-02-07_03,Dishwasher,2015-02-07 18:30:00,2015-02-07 20:21:00,2015-02-07 20:00:00,2015-02-07 21:51:00,1,0,1.0,90,SUCCESS,,
Dishwasher_2015-02-08_01,Dishwasher,2015-02-08 08:12:00,2015-02-08 10:13:00,2015-02-08 13:00:00,2015-02-08 15:01:00,1,0,1.0,288,SUCCESS,,
Dishwasher_2015-02-08_04,Dishwasher,2015-02-08 15:33:00,2015-02-08 17:31:00,2015-02-08 20:00:00,2015-02-08 21:58:00,1,0,1.0,5,SUCCESS,,
Dishwasher_2015-02-09_01,Dishwasher,2015-02-09 19:26:00,2015-02-09 19:55:00,2015-02-09 20:00:00,2015-02-09 20:29:00,1,0,1.0,34,SUCCESS,,
Dishwasher_2015-02-09_02,Dishwasher,2015-02-09 19:56:00,2015-02-09 21:26:00,2015-02-09 20:29:00,2015-02-09 21:59:00,0,0,0.1,5,SUCCESS,,
Dishwasher_2015-02-10_01,Dishwasher,2015-02-10 18:03:00,2015-02-10 20:00:00,2015-02-10 20:00:00,2015-02-10 21:57:00,1,0,1.0,117,SUCCESS,,
Dishwasher_2015-02-11_01,Dishwasher,2015-02-11 17:54:00,2015-02-11 19:52:00,2015-02-11 20:00:00,2015-02-11 21:58:00,1,0,1.0,126,SUCCESS,,
Dishwasher_2015-02-12_01,Dishwasher,2015-02-12 19:54:00,2015-02-12 21:52:00,2015-02-12 20:00:00,2015-02-12 21:58:00,0,0,0.1,6,SUCCESS,,
Dishwasher_2015-02-14_01,Dishwasher,2015-02-14 07:51:00,2015-02-14 09:49:00,2015-02-14 13:00:00,2015-02-14 14:58:00,1,0,1.0,309,SUCCESS,,
Dishwasher_2015-02-20_01,Dishwasher,2015-02-20 08:06:00,2015-02-20 10:02:00,2015-02-20 13:00:00,2015-02-20 14:56:00,1,0,1.0,294,SUCCESS,,
Dishwasher_2015-02-21_01,Dishwasher,2015-02-21 08:41:00,2015-02-21 10:42:00,2015-02-21 13:00:00,2015-02-21 15:01:00,1,0,1.0,259,SUCCESS,,
Dishwasher_2015-02-22_01,Dishwasher,2015-02-22 19:52:00,2015-02-22 21:52:00,2015-02-22 20:00:00,2015-02-22 22:00:00,0,0,0.1,8,SUCCESS,,
Dishwasher_2015-02-23_01,Dishwasher,2015-02-23 18:06:00,2015-02-23 20:02:00,2015-02-23 20:00:00,2015-02-23 21:56:00,1,0,1.0,114,SUCCESS,,
Dishwasher_2015-02-24_01,Dishwasher,2015-02-24 12:55:00,2015-02-24 14:50:00,2015-02-24 13:00:00,2015-02-24 14:55:00,0,0,0.1,5,SUCCESS,,
Dishwasher_2015-02-25_01,Dishwasher,2015-02-25 07:43:00,2015-02-25 09:39:00,2015-02-25 13:00:00,2015-02-25 14:56:00,1,0,1.0,317,SUCCESS,,
Dishwasher_2015-02-25_04,Dishwasher,2015-02-25 21:46:00,2015-02-25 23:45:00,2015-02-26 06:00:00,2015-02-26 07:59:00,1,0,1.0,914,SUCCESS,,
Dishwasher_2015-02-27_01,Dishwasher,2015-02-27 09:29:00,2015-02-27 11:23:00,2015-02-27 13:00:00,2015-02-27 14:54:00,1,0,1.0,211,SUCCESS,,
Dishwasher_2015-02-28_02,Dishwasher,2015-02-28 17:46:00,2015-02-28 19:46:00,2015-02-28 20:00:00,2015-02-28 22:00:00,1,0,1.0,134,SUCCESS,,
Dishwasher_2015-03-01_01,Dishwasher,2015-03-01 17:53:00,2015-03-01 19:46:00,2015-03-01 20:00:00,2015-03-01 21:53:00,1,0,1.0,127,SUCCESS,,
Dishwasher_2015-03-02_01,Dishwasher,2015-03-02 17:50:00,2015-03-02 18:12:00,2015-03-02 20:00:00,2015-03-02 20:22:00,1,0,1.0,130,SUCCESS,,
Dishwasher_2015-03-02_02,Dishwasher,2015-03-02 18:37:00,2015-03-02 20:15:00,2015-03-02 20:22:00,2015-03-02 22:00:00,1,0,1.0,83,SUCCESS,,
Dishwasher_2015-03-03_01,Dishwasher,2015-03-03 18:03:00,2015-03-03 20:00:00,2015-03-03 20:00:00,2015-03-03 21:57:00,1,0,1.0,117,SUCCESS,,
Dishwasher_2015-03-04_01,Dishwasher,2015-03-04 16:56:00,2015-03-04 18:55:00,2015-03-04 20:00:00,2015-03-04 21:59:00,1,0,1.0,184,SUCCESS,,
Dishwasher_2015-03-05_01,Dishwasher,2015-03-05 17:52:00,2015-03-05 19:49:00,2015-03-05 20:00:00,2015-03-05 21:57:00,1,0,1.0,128,SUCCESS,,
Dishwasher_2015-03-06_01,Dishwasher,2015-03-06 17:56:00,2015-03-06 19:56:00,2015-03-06 20:00:00,2015-03-06 22:00:00,1,0,1.0,124,SUCCESS,,
Dishwasher_2015-03-09_01,Dishwasher,2015-03-09 17:54:00,2015-03-09 19:52:00,2015-03-09 20:00:00,2015-03-09 21:58:00,1,0,1.0,126,SUCCESS,,
Dishwasher_2015-03-10_01,Dishwasher,2015-03-10 17:40:00,2015-03-10 19:38:00,2015-03-10 20:00:00,2015-03-10 21:58:00,1,0,1.0,140,SUCCESS,,
Dishwasher_2015-03-11_01,Dishwasher,2015-03-11 17:22:00,2015-03-11 19:19:00,2015-03-11 20:00:00,2015-03-11 21:57:00,1,0,1.0,158,SUCCESS,,
Dishwasher_2015-03-12_01,Dishwasher,2015-03-12 18:19:00,2015-03-12 20:16:00,2015-03-12 20:00:00,2015-03-12 21:57:00,1,0,1.0,101,SUCCESS,,
Dishwasher_2015-03-13_01,Dishwasher,2015-03-13 18:15:00,2015-03-13 20:11:00,2015-03-13 20:00:00,2015-03-13 21:56:00,1,0,1.0,105,SUCCESS,,
Dishwasher_2015-03-14_01,Dishwasher,2015-03-14 14:20:00,2015-03-14 16:17:00,2015-03-14 14:25:00,2015-03-14 16:22:00,0,0,0.1,5,SUCCESS,,
Dishwasher_2015-03-15_01,Dishwasher,2015-03-15 07:57:00,2015-03-15 09:52:00,2015-03-15 13:00:00,2015-03-15 14:55:00,1,0,1.0,303,SUCCESS,,
Dishwasher_2015-03-17_01,Dishwasher,2015-03-17 12:37:00,2015-03-17 14:32:00,2015-03-17 13:00:00,2015-03-17 14:55:00,0,0,0.1,23,SUCCESS,,
Dishwasher_2015-03-17_04,Dishwasher,2015-03-17 19:52:00,2015-03-17 21:46:00,2015-03-17 20:00:00,2015-03-17 21:54:00,0,0,0.1,8,SUCCESS,,
Dishwasher_2015-03-18_01,Dishwasher,2015-03-18 07:15:00,2015-03-18 07:44:00,2015-03-18 13:00:00,2015-03-18 13:29:00,1,0,1.0,345,SUCCESS,,
Dishwasher_2015-03-18_02,Dishwasher,2015-03-18 08:48:00,2015-03-18 10:36:00,2015-03-18 13:29:00,2015-03-18 15:17:00,1,0,1.0,252,SUCCESS,,
Dishwasher_2015-03-18_05,Dishwasher,2015-03-18 23:34:00,2015-03-19 01:31:00,2015-03-19 06:00:00,2015-03-19 07:57:00,1,0,1.0,806,SUCCESS,,
Dishwasher_2015-03-20_01,Dishwasher,2015-03-20 06:51:00,2015-03-20 08:47:00,2015-03-20 13:00:00,2015-03-20 14:56:00,1,0,1.0,369,SUCCESS,,
Dishwasher_2015-03-21_01,Dishwasher,2015-03-21 09:36:00,2015-03-21 11:31:00,2015-03-21 13:00:00,2015-03-21 14:55:00,1,0,1.0,204,SUCCESS,,
Dishwasher_2015-03-24_01,Dishwasher,2015-03-24 18:11:00,2015-03-24 20:07:00,2015-03-24 20:00:00,2015-03-24 21:56:00,1,0,1.0,109,SUCCESS,,
Dishwasher_2015-03-25_01,Dishwasher,2015-03-25 16:12:00,2015-03-25 18:07:00,2015-03-25 20:00:00,2015-03-25 21:55:00,1,0,1.0,228,SUCCESS,,
Dishwasher_2015-03-26_01,Dishwasher,2015-03-26 16:18:00,2015-03-26 18:17:00,2015-03-26 20:00:00,2015-03-26 21:59:00,1,0,1.0,222,SUCCESS,,
Dishwasher_2015-03-27_01,Dishwasher,2015-03-27 07:21:00,2015-03-27 09:17:00,2015-03-27 13:00:00,2015-03-27 14:56:00,1,0,1.0,339,SUCCESS,,
Dishwasher_2015-03-28_02,Dishwasher,2015-03-28 08:10:00,2015-03-28 10:05:00,2015-03-28 13:00:00,2015-03-28 14:55:00,1,0,1.0,290,SUCCESS,,
Dishwasher_2015-03-30_01,Dishwasher,2015-03-30 17:46:00,2015-03-30 19:41:00,2015-03-30 20:00:00,2015-03-30 21:55:00,1,0,1.0,134,SUCCESS,,
Dishwasher_2015-04-01_01,Dishwasher,2015-04-01 18:02:00,2015-04-01 20:00:00,2015-04-01 20:00:00,2015-04-01 21:58:00,1,0,1.0,118,SUCCESS,,
Dishwasher_2015-04-02_01,Dishwasher,2015-04-02 17:53:00,2015-04-02 19:49:00,2015-04-02 20:00:00,2015-04-02 21:56:00,1,0,1.0,127,SUCCESS,,
Dishwasher_2015-04-08_01,Dishwasher,2015-04-08 08:42:00,2015-04-08 10:38:00,2015-04-08 13:00:00,2015-04-08 14:56:00,1,0,1.0,258,SUCCESS,,
Dishwasher_2015-04-09_01,Dishwasher,2015-04-09 15:36:00,2015-04-09 17:30:00,2015-04-09 15:41:00,2015-04-09 17:35:00,1,0,1.0,5,SUCCESS,,
Dishwasher_2015-04-10_01,Dishwasher,2015-04-10 08:55:00,2015-04-10 10:50:00,2015-04-10 13:00:00,2015-04-10 14:55:00,1,0,1.0,245,SUCCESS,,
Dishwasher_2015-04-10_04,Dishwasher,2015-04-10 18:07:00,2015-04-10 20:00:00,2015-04-10 20:00:00,2015-04-10 21:53:00,1,0,1.0,113,SUCCESS,,
Dishwasher_2015-04-11_01,Dishwasher,2015-04-11 17:10:00,2015-04-11 19:05:00,2015-04-11 20:00:00,2015-04-11 21:55:00,1,0,1.0,170,SUCCESS,,
Dishwasher_2015-04-11_04,Dishwasher,2015-04-11 22:17:00,2015-04-12 00:12:00,2015-04-12 06:00:00,2015-04-12 07:55:00,1,0,1.0,883,SUCCESS,,
Dishwasher_2015-04-12_03,Dishwasher,2015-04-12 16:48:00,2015-04-12 18:41:00,2015-04-12 20:00:00,2015-04-12 21:53:00,1,0,1.0,192,SUCCESS,,
Dishwasher_2015-04-13_01,Dishwasher,2015-04-13 18:21:00,2015-04-13 20:17:00,2015-04-13 20:00:00,2015-04-13 21:56:00,1,0,1.0,99,SUCCESS,,
Dishwasher_2015-04-14_01,Dishwasher,2015-04-14 16:18:00,2015-04-14 18:11:00,2015-04-14 20:00:00,2015-04-14 21:53:00,1,0,1.0,222,SUCCESS,,
Dishwasher_2015-04-15_01,Dishwasher,2015-04-15 15:21:00,2015-04-15 17:15:00,2015-04-15 15:26:00,2015-04-15 17:20:00,1,0,1.0,5,SUCCESS,,
Dishwasher_2015-04-17_01,Dishwasher,2015-04-17 15:35:00,2015-04-17 17:29:00,2015-04-17 15:40:00,2015-04-17 17:34:00,1,0,1.0,5,SUCCESS,,
Dishwasher_2015-04-18_01,Dishwasher,2015-04-18 07:47:00,2015-04-18 09:41:00,2015-04-18 13:00:00,2015-04-18 14:54:00,1,0,1.0,313,SUCCESS,,
Dishwasher_2015-04-18_04,Dishwasher,2015-04-18 19:03:00,2015-04-18 20:57:00,2015-04-18 20:00:00,2015-04-18 21:54:00,0,0,0.1,57,SUCCESS,,
Dishwasher_2015-04-19_02,Dishwasher,2015-04-19 07:58:00,2015-04-19 09:51:00,2015-04-19 13:00:00,2015-04-19 14:53:00,1,0,1.0,302,SUCCESS,,
Dishwasher_2015-04-19_05,Dishwasher,2015-04-19 12:13:00,2015-04-19 14:05:00,2015-04-19 20:00:00,2015-04-19 21:52:00,0,0,0.1,47,SUCCESS,,
Dishwasher_2015-04-20_01,Dishwasher,2015-04-20 20:59:00,2015-04-20 22:55:00,2015-04-20 21:04:00,2015-04-20 23:00:00,0,0,0.1,5,SUCCESS,,
Dishwasher_2015-04-22_01,Dishwasher,2015-04-22 15:28:00,2015-04-22 17:21:00,2015-04-22 15:33:00,2015-04-22 17:26:00,1,0,1.0,5,SUCCESS,,
Dishwasher_2015-04-23_01,Dishwasher,2015-04-23 08:46:00,2015-04-23 10:39:00,2015-04-23 13:00:00,2015-04-23 14:53:00,1,0,1.0,254,SUCCESS,,
Dishwasher_2015-04-25_01,Dishwasher,2015-04-25 12:52:00,2015-04-25 14:46:00,2015-04-25 13:00:00,2015-04-25 14:54:00,0,0,0.1,8,SUCCESS,,
Dishwasher_2015-04-25_04,Dishwasher,2015-04-25 22:01:00,2015-04-25 23:50:00,2015-04-26 06:00:00,2015-04-26 07:49:00,1,0,1.0,899,SUCCESS,,
Dishwasher_2015-04-26_02,Dishwasher,2015-04-26 19:14:00,2015-04-26 21:08:00,2015-04-26 20:00:00,2015-04-26 21:54:00,0,0,0.1,46,SUCCESS,,
Dishwasher_2015-04-27_01,Dishwasher,2015-04-27 18:18:00,2015-04-27 20:15:00,2015-04-27 20:00:00,2015-04-27 21:57:00,1,0,1.0,102,SUCCESS,,
Dishwasher_2015-04-28_01,Dishwasher,2015-04-28 17:06:00,2015-04-28 19:00:00,2015-04-28 20:00:00,2015-04-28 21:54:00,1,0,1.0,174,SUCCESS,,
Dishwasher_2015-04-29_01,Dishwasher,2015-04-29 07:36:00,2015-04-29 09:31:00,2015-04-29 13:00:00,2015-04-29 14:55:00,1,0,1.0,324,SUCCESS,,
Dishwasher_2015-04-29_04,Dishwasher,2015-04-29 19:29:00,2015-04-29 21:22:00,2015-04-29 20:00:00,2015-04-29 21:53:00,0,0,0.1,31,SUCCESS,,
Dishwasher_2015-04-30_01,Dishwasher,2015-04-30 16:56:00,2015-04-30 18:53:00,2015-04-30 20:00:00,2015-04-30 21:57:00,1,0,1.0,184,SUCCESS,,
Dishwasher_2015-05-01_01,Dishwasher,2015-05-01 11:32:00,2015-05-01 13:27:00,2015-05-01 13:00:00,2015-05-01 14:55:00,1,0,1.0,88,SUCCESS,,
Dishwasher_2015-05-01_04,Dishwasher,2015-05-01 17:31:00,2015-05-01 19:22:00,2015-05-01 20:00:00,2015-05-01 21:51:00,1,0,1.0,149,SUCCESS,,
Dishwasher_2015-05-02_01,Dishwasher,2015-05-02 11:14:00,2015-05-02 13:10:00,2015-05-02 13:00:00,2015-05-02 14:56:00,1,0,1.0,106,SUCCESS,,
Dishwasher_2015-05-02_04,Dishwasher,2015-05-02 17:18:00,2015-05-02 19:15:00,2015-05-02 20:00:00,2015-05-02 21:57:00,1,0,1.0,162,SUCCESS,,
Dishwasher_2015-05-03_01,Dishwasher,2015-05-03 00:45:00,2015-05-03 02:41:00,2015-05-03 13:00:00,2015-05-03 14:56:00,0,0,0.1,735,SUCCESS,,
Dishwasher_2015-05-03_04,Dishwasher,2015-05-03 11:05:00,2015-05-03 12:58:00,2015-05-03 20:00:00,2015-05-03 21:53:00,1,0,1.0,115,SUCCESS,,
Dishwasher_2015-05-03_08,Dishwasher,2015-05-03 18:09:00,2015-05-03 20:00:00,2015-05-04 06:00:00,2015-05-04 07:51:00,1,0,1.0,111,SUCCESS,,
Dishwasher_2015-05-08_02,Dishwasher,2015-05-08 21:22:00,2015-05-08 23:17:00,2015-05-08 21:27:00,2015-05-08 23:22:00,1,0,1.0,5,SUCCESS,,
Dishwasher_2015-05-09_01,Dishwasher,2015-05-09 17:48:00,2015-05-09 19:43:00,2015-05-09 20:00:00,2015-05-09 21:55:00,1,0,1.0,132,SUCCESS,,
Dishwasher_2015-05-20_01,Dishwasher,2015-05-20 06:59:00,2015-05-20 08:54:00,2015-05-20 13:00:00,2015-05-20 14:55:00,1,0,1.0,361,SUCCESS,,
Dishwasher_2015-05-20_04,Dishwasher,2015-05-20 17:53:00,2015-05-20 19:49:00,2015-05-20 20:00:00,2015-05-20 21:56:00,1,0,1.0,127,SUCCESS,,
Dishwasher_2015-05-21_02,Dishwasher,2015-05-21 18:30:00,2015-05-21 18:53:00,2015-05-21 20:00:00,2015-05-21 20:23:00,1,0,1.0,90,SUCCESS,,
Dishwasher_2015-05-22_01,Dishwasher,2015-05-22 08:59:00,2015-05-22 10:54:00,2015-05-22 13:00:00,2015-05-22 14:55:00,1,0,1.0,241,SUCCESS,,
Dishwasher_2015-05-22_05,Dishwasher,2015-05-22 19:26:00,2015-05-22 21:17:00,2015-05-22 20:00:00,2015-05-22 21:51:00,0,0,0.1,34,SUCCESS,,
Dishwasher_2015-05-22_08,Dishwasher,2015-05-22 22:23:00,2015-05-22 22:49:00,2015-05-23 13:00:00,2015-05-23 13:26:00,1,0,1.0,877,SUCCESS,,
Washing_Machine_2014-05-03_02,Washing Machine,2014-05-03 19:20:00,2014-05-04 07:55:00,2014-05-04 13:00:00,2014-05-05 01:35:00,1,0,1.0,1060,FAILED,No available time slot after collision resolution,
Washing_Machine_2014-05-15_02,Washing Machine,2014-05-15 12:22:00,2014-05-15 15:07:00,2014-05-15 13:00:00,2014-05-15 15:45:00,0,0,0.1,38,FAILED,No available time slot after collision resolution,
Washing_Machine_2014-05-26_02,Washing Machine,2014-05-26 19:54:00,2014-05-26 21:30:00,2014-05-26 20:00:00,2014-05-26 21:36:00,0,0,0.1,6,FAILED,No available time slot after collision resolution,
Washing_Machine_2014-11-13_02,Washing Machine,2014-11-13 20:23:00,2014-11-13 22:15:00,2014-11-13 20:28:00,2014-11-13 22:20:00,0,0,0.1,5,FAILED,No available time slot after collision resolution,
Washing_Machine_2014-12-29_02,Washing Machine,2014-12-29 21:07:00,2014-12-29 22:26:00,2014-12-29 21:12:00,2014-12-29 22:31:00,0,0,0.1,5,FAILED,No available time slot after collision resolution,
Washing_Machine_2015-04-07_02,Washing Machine,2015-04-07 12:21:00,2015-04-07 14:34:00,2015-04-07 13:00:00,2015-04-07 15:13:00,0,0,0.1,39,FAILED,No available time slot after collision resolution,
Washing_Machine_2015-05-03_02,Washing Machine,2015-05-03 20:31:00,2015-05-03 22:17:00,2015-05-03 20:36:00,2015-05-03 22:22:00,0,0,0.1,5,FAILED,No available time slot after collision resolution,
Dishwasher_2013-09-29_02,Dishwasher,2013-09-29 20:41:00,2013-09-29 22:34:00,2013-09-29 20:46:00,2013-09-29 22:39:00,0,0,0.1,5,FAILED,No available time slot after collision resolution,
Dishwasher_2014-03-07_04,Dishwasher,2014-03-07 20:30:00,2014-03-07 22:25:00,2014-03-07 20:35:00,2014-03-07 22:30:00,0,0,0.1,5,FAILED,No available time slot after collision resolution,
Dishwasher_2014-03-16_12,Dishwasher,2014-03-16 20:50:00,2014-03-16 22:42:00,2014-03-16 20:55:00,2014-03-16 22:47:00,0,0,0.1,5,FAILED,No available time slot after collision resolution,
Dishwasher_2014-05-21_04,Dishwasher,2014-05-21 20:23:00,2014-05-21 22:12:00,2014-05-21 20:28:00,2014-05-21 22:17:00,0,0,0.1,5,FAILED,No available time slot after collision resolution,
Dishwasher_2014-05-31_04,Dishwasher,2014-05-31 20:38:00,2014-05-31 22:29:00,2014-05-31 20:43:00,2014-05-31 22:34:00,0,0,0.1,5,FAILED,No available time slot after collision resolution,
Dishwasher_2014-09-15_04,Dishwasher,2014-09-15 20:18:00,2014-09-15 22:08:00,2014-09-15 20:23:00,2014-09-15 22:13:00,0,0,0.1,5,FAILED,No available time slot after collision resolution,
Dishwasher_2014-09-27_03,Dishwasher,2014-09-27 20:34:00,2014-09-27 22:23:00,2014-09-27 20:39:00,2014-09-27 22:28:00,0,0,0.1,5,FAILED,No available time slot after collision resolution,
Dishwasher_2014-10-25_04,Dishwasher,2014-10-25 20:39:00,2014-10-25 22:32:00,2014-10-25 20:44:00,2014-10-25 22:37:00,0,0,0.1,5,FAILED,No available time slot after collision resolution,
Dishwasher_2014-11-29_05,Dishwasher,2014-11-29 19:59:00,2014-11-29 21:49:00,2014-11-29 20:04:00,2014-11-29 21:54:00,0,0,0.1,5,FAILED,No available time slot after collision resolution,
Dishwasher_2014-12-13_07,Dishwasher,2014-12-13 20:13:00,2014-12-13 22:06:00,2014-12-13 20:18:00,2014-12-13 22:11:00,0,0,0.1,5,FAILED,No available time slot after collision resolution,
Dishwasher_2015-01-05_05,Dishwasher,2015-01-05 19:33:00,2015-01-06 10:02:00,2015-01-06 13:00:00,2015-01-07 03:29:00,1,0,1.0,1047,FAILED,No available time slot after collision resolution,
Dishwasher_2015-01-28_08,Dishwasher,2015-01-28 20:15:00,2015-01-28 22:11:00,2015-01-28 20:20:00,2015-01-28 22:16:00,0,0,0.1,5,FAILED,No available time slot after collision resolution,
Dishwasher_2015-02-08_07,Dishwasher,2015-02-08 19:15:00,2015-02-08 21:12:00,2015-02-08 20:00:00,2015-02-08 21:57:00,0,0,0.1,45,FAILED,No available time slot after collision resolution,
Dishwasher_2015-04-19_08,Dishwasher,2015-04-19 20:47:00,2015-04-19 22:40:00,2015-04-19 20:52:00,2015-04-19 22:45:00,0,0,0.1,5,FAILED,No available time slot after collision resolution,
